Time [s];Ratio 670nm / 650nm;Capillary Position
-4.9502;0.7138754;1
-4.9002;0.7208086;1
-4.8502;0.7135552;1
-4.8002;0.7178506;1
-4.7502;0.7155642;1
-4.7002;0.7166575;1
-4.6502;0.7158321;1
-4.6002;0.7108447;1
-4.5502;0.7162028;1
-4.5002;0.7187303;1
-4.4502;0.71829;1
-4.4002;0.7194996;1
-4.3502;0.716028;1
-4.3002;0.715113;1
-4.2502;0.7165731;1
-4.2002;0.7137994;1
-4.1502;0.7169911;1
-4.1002;0.7158076;1
-4.0502;0.7197637;1
-4.0002;0.7171745;1
-3.9502;0.7151235;1
-3.9002;0.7131142;1
-3.8502;0.7125182;1
-3.8002;0.721083;1
-3.7502;0.7220912;1
-3.7002;0.7140924;1
-3.6502;0.7107324;1
-3.6002;0.7135822;1
-3.5502;0.7191218;1
-3.5002;0.7137477;1
-3.4502;0.7187494;1
-3.4001;0.712661;1
-3.3501;0.7152725;1
-3.3001;0.7162672;1
-3.2501;0.7162244;1
-3.2001;0.7164666;1
-3.1501;0.7157256;1
-3.1001;0.7135653;1
-3.0501;0.7170894;1
-3.0001;0.7158773;1
-2.9501;0.7192047;1
-2.9001;0.7178878;1
-2.8501;0.7119724;1
-2.8001;0.7173116;1
-2.7501;0.719381;1
-2.7001;0.7209637;1
-2.6501;0.7152904;1
-2.6001;0.7183315;1
-2.5501;0.7135206;1
-2.5001;0.7173783;1
-2.4501;0.7157872;1
-2.4001;0.7178735;1
-2.3501;0.7119139;1
-2.3001;0.7158809;1
-2.2501;0.718815;1
-2.2001;0.7133054;1
-2.1501;0.7181497;1
-2.1001;0.7154394;1
-2.0501;0.7186872;1
-2.0001;0.7136111;1
-1.9501;0.7118807;1
-1.9001;0.7177327;1
-1.8501;0.7179645;1
-1.8001;0.718744;1
-1.7501;0.7155305;1
-1.7001;0.7159069;1
-1.6501;0.7152901;1
-1.6;0.7183447;1
-1.55;0.7157384;1
-1.5;0.7160752;1
-1.45;0.718957;1
-1.4;0.7144398;1
-1.35;0.7185147;1
-1.3;0.7173279;1
-1.25;0.7142997;1
-1.2;0.7157528;1
-1.15;0.7162464;1
-1.1;0.7188007;1
-1.05;0.7198949;1
-1;0.7192171;1
-0.9499998;0.7129381;1
-0.9000001;0.7191038;1
-0.8499999;0.7161656;1
-0.7999997;0.7188707;1
-0.75;0.7147017;1
-0.6999998;0.7168248;1
-0.6500001;0.7163922;1
-0.5999999;0.7128669;1
-0.5499997;0.719726;1
-0.5;0.717979;1
-0.4499998;0.7200106;1
-0.4000001;0.7114803;1
-0.3499999;0.715593;1
-0.2999997;0.7169976;1
-0.25;0.7138186;1
-0.1999998;0.7152928;1
-0.1500001;0.7123571;1
-0.0999999;0.7166209;1
-0.04999971;0.7153181;1
0;0.7172257;1
0.05000019;0.7161302;1
0.0999999;0.719172;1
0.1500001;0.7205758;1
0.2000999;0.7140681;1
0.2501001;0.7162523;1
0.3000998;0.7178829;1
0.3501;0.7155652;1
0.4001002;0.7196891;1
0.4500999;0.7228608;1
0.5001001;0.7229787;1
0.5500998;0.7172378;1
0.6001;0.7173425;1
0.6501002;0.7161812;1
0.7000999;0.7243281;1
0.7501001;0.717544;1
0.8000998;0.7172389;1
0.8501;0.7220433;1
0.9001002;0.7190359;1
0.9500999;0.7170785;1
1.0001;0.7187132;1
1.0501;0.7195895;1
1.1001;0.7185706;1
1.1501;0.7176858;1
1.2001;0.7223345;1
1.2501;0.7220379;1
1.3001;0.7207179;1
1.3501;0.7236528;1
1.4001;0.7239582;1
1.4501;0.7201162;1
1.5001;0.7178981;1
1.5501;0.7210981;1
1.6001;0.7197438;1
1.6501;0.7187487;1
1.7001;0.713743;1
1.7501;0.7171115;1
1.8001;0.7195836;1
1.8501;0.7225217;1
1.9001;0.7209557;1
1.9501;0.7175072;1
2.0002;0.721558;1
2.0502;0.7198834;1
2.1002;0.722242;1
2.1502;0.7276778;1
2.2002;0.7187204;1
2.2502;0.7179927;1
2.3002;0.7223775;1
2.3502;0.7211307;1
2.4002;0.7243181;1
2.4502;0.7217991;1
2.5002;0.7227302;1
2.5502;0.7219466;1
2.6002;0.7196789;1
2.6502;0.7225045;1
2.7002;0.7211232;1
2.7502;0.7191978;1
2.8002;0.7189579;1
2.8502;0.7298868;1
2.9002;0.7243872;1
2.9502;0.7209058;1
3.0002;0.7233847;1
3.0502;0.7189779;1
3.1002;0.7214264;1
3.1502;0.7262907;1
3.200201;0.7188811;1
3.2502;0.7180074;1
3.3002;0.7238085;1
3.3502;0.7240101;1
3.4002;0.7226171;1
3.450201;0.7272594;1
3.5002;0.7183539;1
3.5502;0.7242916;1
3.6002;0.7233518;1
3.6502;0.7196946;1
3.700201;0.7220426;1
3.7502;0.7210874;1
3.8003;0.7264413;1
3.8503;0.7249714;1
3.900301;0.7253202;1
3.9503;0.7220669;1
4.0003;0.7214524;1
4.0503;0.7239158;1
4.1003;0.7247471;1
4.150301;0.7253252;1
4.2003;0.7220337;1
4.2503;0.7240587;1
4.3003;0.7239839;1
4.3503;0.7235015;1
4.400301;0.7191066;1
4.4503;0.7247534;1
4.5003;0.7223496;1
4.5503;0.7212272;1
4.6003;0.7229869;1
4.650301;0.7189485;1
4.7003;0.7216552;1
4.7503;0.7196997;1
4.8003;0.7238523;1
4.8503;0.7243304;1
4.900301;0.7227792;1
4.9503;0.7254307;1
5.0003;0.7272885;1
5.0503;0.7201049;1
5.1003;0.7228761;1
5.150301;0.723343;1
5.2003;0.7198571;1
5.2503;0.7237932;1
5.3003;0.7206858;1
5.3503;0.72052;1
5.400301;0.7195881;1
5.4503;0.7181809;1
5.5003;0.7162709;1
5.5503;0.720908;1
5.6004;0.7183891;1
5.6504;0.7216651;1
5.7004;0.7199104;1
5.7504;0.7242283;1
5.8004;0.7229668;1
5.8504;0.725552;1
5.9004;0.7234576;1
5.9504;0.7255013;1
6.0004;0.7201043;1
6.0504;0.7265154;1
6.1004;0.7284303;1
6.1504;0.7219251;1
6.2004;0.718542;1
6.2504;0.7191277;1
6.3004;0.725808;1
6.3504;0.7232187;1
6.4004;0.7260216;1
6.4504;0.7219071;1
6.5004;0.7246996;1
6.5504;0.7200071;1
6.6004;0.7251031;1
6.6504;0.7179574;1
6.7004;0.7243483;1
6.7504;0.7241684;1
6.8004;0.7177912;1
6.8504;0.7197739;1
6.9004;0.7206247;1
6.9504;0.7256141;1
7.0004;0.7244565;1
7.0504;0.7281877;1
7.1004;0.7179601;1
7.1504;0.7224598;1
7.2004;0.7254916;1
7.2504;0.7254103;1
7.3004;0.7264528;1
7.3505;0.7237173;1
7.4005;0.7241892;1
7.4505;0.7191269;1
7.5005;0.7211459;1
7.5505;0.7227904;1
7.6005;0.7202921;1
7.6505;0.7221153;1
7.7005;0.7302414;1
7.7505;0.7281901;1
7.8005;0.7178302;1
7.8505;0.7229323;1
7.9005;0.7224442;1
7.9505;0.7268451;1
8.0005;0.7281334;1
8.050501;0.724419;1
8.1005;0.7198507;1
8.150499;0.7225139;1
8.2005;0.7266227;1
8.2505;0.7243205;1
8.300501;0.7258921;1
8.3505;0.7209572;1
8.400499;0.7220626;1
8.4505;0.7251572;1
8.5005;0.7276305;1
8.550501;0.7261806;1
8.6005;0.7220729;1
8.650499;0.7224191;1
8.7005;0.7221227;1
8.7505;0.723536;1
8.800501;0.7223455;1
8.8505;0.72249;1
8.900499;0.7213771;1
8.9505;0.7186627;1
9.0005;0.7280638;1
9.050501;0.7227557;1
9.1005;0.7252133;1
9.1506;0.7264628;1
9.2006;0.7236146;1
9.250601;0.7214854;1
9.3006;0.7253419;1
9.350599;0.7205854;1
9.4006;0.7200442;1
9.4506;0.7203795;1
9.500601;0.7255936;1
9.5506;0.7214303;1
9.600599;0.7263395;1
9.6506;0.7244054;1
9.7006;0.723842;1
9.750601;0.7210308;1
9.8006;0.7227189;1
9.850599;0.7250025;1
9.9006;0.7207332;1
9.9506;0.7207621;1
10.0006;0.7272143;1
10.0006;0.7272143;1
-4.9503;1.01527;9
-4.9003;1.015759;9
-4.8503;1.019455;9
-4.8003;1.014444;9
-4.7503;1.015124;9
-4.7003;1.019295;9
-4.6503;1.023222;9
-4.6003;1.019064;9
-4.5503;1.017414;9
-4.5003;1.017658;9
-4.4503;1.019469;9
-4.4003;1.023612;9
-4.3503;1.019727;9
-4.3003;1.017773;9
-4.2503;1.02055;9
-4.2003;1.018111;9
-4.1503;1.018185;9
-4.1003;1.020429;9
-4.0503;1.016979;9
-4.0002;1.016933;9
-3.9502;1.021419;9
-3.9002;1.017281;9
-3.8502;1.020312;9
-3.8002;1.015702;9
-3.7502;1.01718;9
-3.7002;1.018749;9
-3.6502;1.022167;9
-3.6002;1.023728;9
-3.5502;1.019428;9
-3.5002;1.015054;9
-3.4502;1.019334;9
-3.4002;1.024591;9
-3.3502;1.019814;9
-3.3002;1.016853;9
-3.2502;1.017337;9
-3.2002;1.021953;9
-3.1502;1.020488;9
-3.1002;1.021894;9
-3.0502;1.01789;9
-3.0002;1.018987;9
-2.9502;1.023164;9
-2.9002;1.023695;9
-2.8502;1.019877;9
-2.8002;1.020581;9
-2.7502;1.019956;9
-2.7002;1.015932;9
-2.6502;1.020118;9
-2.6002;1.018145;9
-2.5502;1.017863;9
-2.5002;1.019621;9
-2.4502;1.021084;9
-2.4002;1.021558;9
-2.3502;1.017187;9
-2.3002;1.020379;9
-2.2502;1.020923;9
-2.2001;1.017643;9
-2.1501;1.019672;9
-2.1001;1.018348;9
-2.0501;1.017545;9
-2.0001;1.018152;9
-1.9501;1.024506;9
-1.9001;1.01866;9
-1.8501;1.023446;9
-1.8001;1.019437;9
-1.7501;1.015686;9
-1.7001;1.018639;9
-1.6501;1.013574;9
-1.6001;1.016053;9
-1.5501;1.020347;9
-1.5001;1.0222;9
-1.4501;1.0199;9
-1.4001;1.017056;9
-1.3501;1.021266;9
-1.3001;1.020229;9
-1.2501;1.019406;9
-1.2001;1.014664;9
-1.1501;1.016133;9
-1.1001;1.019244;9
-1.0501;1.01703;9
-1.0001;1.017404;9
-0.9500999;1.015652;9
-0.9000998;1.020696;9
-0.8501;1.017231;9
-0.8000998;1.017636;9
-0.7501001;1.019333;9
-0.7000999;1.019109;9
-0.6500998;1.017405;9
-0.6001;1.015744;9
-0.5500998;1.019676;9
-0.5001001;1.018322;9
-0.4499998;1.019593;9
-0.4000001;1.021788;9
-0.3499999;1.021442;9
-0.2999997;1.010986;9
-0.25;1.017892;9
-0.1999998;1.018705;9
-0.1500001;1.021041;9
-0.0999999;1.018509;9
-0.04999971;1.018967;9
0;1.02132;9
0.05000019;1.02242;9
0.0999999;1.025684;9
0.1500001;1.022252;9
0.2000003;1.023645;9
0.25;1.028229;9
0.3000002;1.023631;9
0.3499999;1.03168;9
0.4000001;1.032187;9
0.4500003;1.03428;9
0.5;1.028587;9
0.5500002;1.030911;9
0.5999999;1.02664;9
0.6500001;1.032368;9
0.7000003;1.028212;9
0.75;1.028965;9
0.8000002;1.036735;9
0.8499999;1.034978;9
0.9000001;1.032881;9
0.9500003;1.030481;9
1;1.03881;9
1.05;1.037237;9
1.1;1.037817;9
1.15;1.037892;9
1.2;1.036464;9
1.25;1.035116;9
1.3;1.040356;9
1.3501;1.043966;9
1.4001;1.037213;9
1.4501;1.037446;9
1.5001;1.03906;9
1.5501;1.033105;9
1.6001;1.03733;9
1.6501;1.038076;9
1.7001;1.035234;9
1.7501;1.044691;9
1.8001;1.041239;9
1.8501;1.038409;9
1.9001;1.039093;9
1.9501;1.041737;9
2.0001;1.04072;9
2.0501;1.043757;9
2.1001;1.046124;9
2.1501;1.039874;9
2.2001;1.040117;9
2.2501;1.046587;9
2.3001;1.047054;9
2.3501;1.040229;9
2.4001;1.046267;9
2.4501;1.034612;9
2.5001;1.041474;9
2.5501;1.042455;9
2.6001;1.041318;9
2.6501;1.043222;9
2.7001;1.042473;9
2.7501;1.039981;9
2.8001;1.045495;9
2.8501;1.040487;9
2.9001;1.04567;9
2.9501;1.04592;9
3.0001;1.049359;9
3.0501;1.049188;9
3.1001;1.046182;9
3.1502;1.044335;9
3.200201;1.046681;9
3.2502;1.043438;9
3.3002;1.044533;9
3.3502;1.047233;9
3.4002;1.046281;9
3.450201;1.047984;9
3.5002;1.047709;9
3.5502;1.043766;9
3.6002;1.044192;9
3.6502;1.04702;9
3.700201;1.045116;9
3.7502;1.049095;9
3.8002;1.047002;9
3.8502;1.04667;9
3.9002;1.044976;9
3.950201;1.052295;9
4.0002;1.046965;9
4.0502;1.049594;9
4.1002;1.047957;9
4.1502;1.048474;9
4.200201;1.052053;9
4.2502;1.0479;9
4.3002;1.049176;9
4.3502;1.046078;9
4.4002;1.045936;9
4.450201;1.047225;9
4.5002;1.04866;9
4.5502;1.051343;9
4.6002;1.051699;9
4.6502;1.05429;9
4.700201;1.050399;9
4.7502;1.053367;9
4.8002;1.050025;9
4.8502;1.054862;9
4.9002;1.051792;9
4.9503;1.051354;9
5.0003;1.050278;9
5.0503;1.04866;9
5.1003;1.047076;9
5.150301;1.050327;9
5.2003;1.051833;9
5.2503;1.049515;9
5.3003;1.055421;9
5.3503;1.048387;9
5.400301;1.050621;9
5.4503;1.050308;9
5.5003;1.05238;9
5.5503;1.056559;9
5.6003;1.047232;9
5.650301;1.054212;9
5.7003;1.047312;9
5.7503;1.049759;9
5.8003;1.048888;9
5.8503;1.055944;9
5.900301;1.056859;9
5.9503;1.049237;9
6.0003;1.051521;9
6.0503;1.046156;9
6.1003;1.055103;9
6.150301;1.046664;9
6.2003;1.054477;9
6.2503;1.052521;9
6.3003;1.043649;9
6.3503;1.054322;9
6.400301;1.05117;9
6.4503;1.05265;9
6.5003;1.051656;9
6.5503;1.05253;9
6.6003;1.052588;9
6.650301;1.05698;9
6.7003;1.052933;9
6.7504;1.056387;9
6.8004;1.049819;9
6.8504;1.057196;9
6.9004;1.054907;9
6.9504;1.054686;9
7.0004;1.05933;9
7.0504;1.052636;9
7.1004;1.056552;9
7.1504;1.055692;9
7.2004;1.054826;9
7.2504;1.057856;9
7.3004;1.052122;9
7.3504;1.057579;9
7.4004;1.057049;9
7.4504;1.05347;9
7.5004;1.052907;9
7.5504;1.053815;9
7.6004;1.05347;9
7.6504;1.057442;9
7.7004;1.05626;9
7.7504;1.056658;9
7.8004;1.052722;9
7.8504;1.057097;9
7.9004;1.055232;9
7.9504;1.054958;9
8.000401;1.057343;9
8.0504;1.060042;9
8.100401;1.059331;9
8.1504;1.052752;9
8.200399;1.054359;9
8.250401;1.055;9
8.3004;1.057939;9
8.350401;1.05424;9
8.4004;1.056496;9
8.450399;1.060487;9
8.500401;1.056098;9
8.550501;1.056433;9
8.6005;1.051506;9
8.650499;1.059012;9
8.7005;1.053282;9
8.7505;1.055073;9
8.800501;1.057536;9
8.8505;1.061168;9
8.900499;1.054059;9
8.9505;1.059935;9
9.0005;1.055539;9
9.050501;1.059152;9
9.1005;1.060575;9
9.150499;1.053445;9
9.2005;1.056606;9
9.2505;1.054912;9
9.300501;1.061349;9
9.3505;1.060073;9
9.400499;1.058216;9
9.4505;1.059605;9
9.5005;1.055747;9
9.550501;1.056315;9
9.6005;1.051395;9
9.650499;1.062139;9
9.7005;1.055595;9
9.7505;1.058249;9
9.800501;1.054539;9
9.8505;1.056195;9
9.900499;1.054189;9
9.9505;1.060993;9
10.0005;1.06223;9
10.0005;1.06223;9
-4.9503;0.9374298;17
-4.9003;0.9352342;17
-4.8503;0.9320171;17
-4.8003;0.9329241;17
-4.7503;0.9352756;17
-4.7002;0.9315978;17
-4.6502;0.9349751;17
-4.6002;0.931312;17
-4.5502;0.9345832;17
-4.5002;0.9370431;17
-4.4502;0.9345059;17
-4.4002;0.934647;17
-4.3502;0.9369794;17
-4.3002;0.9362371;17
-4.2502;0.9358406;17
-4.2002;0.9305008;17
-4.1502;0.9361498;17
-4.1002;0.9382319;17
-4.0502;0.9351633;17
-4.0002;0.9335017;17
-3.9502;0.941978;17
-3.9002;0.9314148;17
-3.8502;0.933266;17
-3.8002;0.9324515;17
-3.7502;0.9313405;17
-3.7002;0.9328977;17
-3.6502;0.9344081;17
-3.6002;0.9364145;17
-3.5502;0.9313099;17
-3.5002;0.9313697;17
-3.4502;0.9357023;17
-3.4002;0.9333947;17
-3.3502;0.93449;17
-3.3002;0.9362367;17
-3.2502;0.9325614;17
-3.2002;0.9315424;17
-3.1502;0.9364132;17
-3.1002;0.9328699;17
-3.0502;0.9340088;17
-3.0002;0.9366841;17
-2.9502;0.9344295;17
-2.9001;0.9327636;17
-2.8501;0.9337164;17
-2.8001;0.9340404;17
-2.7501;0.9328429;17
-2.7001;0.9354898;17
-2.6501;0.9345565;17
-2.6001;0.9357843;17
-2.5501;0.9326127;17
-2.5001;0.9361467;17
-2.4501;0.9339947;17
-2.4001;0.9388028;17
-2.3501;0.937126;17
-2.3001;0.9307749;17
-2.2501;0.9280033;17
-2.2001;0.9317275;17
-2.1501;0.9366482;17
-2.1001;0.9300987;17
-2.0501;0.9331605;17
-2.0001;0.9330657;17
-1.9501;0.9358388;17
-1.9001;0.9351776;17
-1.8501;0.9369046;17
-1.8001;0.9354482;17
-1.7501;0.9304153;17
-1.7001;0.929342;17
-1.6501;0.9350344;17
-1.6001;0.9295471;17
-1.5501;0.9318966;17
-1.5001;0.9366891;17
-1.4501;0.9324179;17
-1.4001;0.9348036;17
-1.3501;0.9331264;17
-1.3001;0.9337665;17
-1.2501;0.9343686;17
-1.2001;0.9304879;17
-1.15;0.9331704;17
-1.1;0.9350832;17
-1.05;0.9313988;17
-1;0.9352791;17
-0.9499998;0.9380005;17
-0.9000001;0.9311258;17
-0.8499999;0.9401453;17
-0.7999997;0.9315631;17
-0.75;0.9327732;17
-0.6999998;0.9337181;17
-0.6500001;0.9362461;17
-0.5999999;0.932533;17
-0.5499997;0.9333674;17
-0.5;0.9372552;17
-0.4499998;0.9363112;17
-0.4000001;0.9324912;17
-0.3499999;0.9340212;17
-0.2999997;0.9362949;17
-0.25;0.9352477;17
-0.1999998;0.9358744;17
-0.1500001;0.932159;17
-0.0999999;0.935258;17
-0.04999971;0.9341344;17
0;0.9330466;17
0.05000019;0.9402618;17
0.0999999;0.9376145;17
0.1500001;0.939503;17
0.2000003;0.9461262;17
0.25;0.9457685;17
0.3000002;0.9403499;17
0.3499999;0.9459562;17
0.4000001;0.9427321;17
0.4500003;0.9492937;17
0.5;0.9465348;17
0.5500002;0.9456847;17
0.5999999;0.9445567;17
0.6501002;0.9481394;17
0.7000999;0.9416058;17
0.7501001;0.9512279;17
0.8000998;0.9491585;17
0.8501;0.9445445;17
0.9001002;0.9482271;17
0.9500999;0.9523609;17
1.0001;0.9515284;17
1.0501;0.9543098;17
1.1001;0.9542421;17
1.1501;0.9497697;17
1.2001;0.9508691;17
1.2501;0.9509503;17
1.3001;0.9547337;17
1.3501;0.9541311;17
1.4001;0.951487;17
1.4501;0.9510534;17
1.5001;0.9525017;17
1.5501;0.9520414;17
1.6001;0.9542082;17
1.6501;0.9599613;17
1.7001;0.9548555;17
1.7501;0.9532123;17
1.8001;0.9519964;17
1.8501;0.9525267;17
1.9001;0.9550342;17
1.9501;0.9531866;17
2.0001;0.957247;17
2.0501;0.961839;17
2.1001;0.9566444;17
2.1501;0.956428;17
2.2001;0.9541739;17
2.2501;0.9553095;17
2.3001;0.9575973;17
2.3501;0.9573775;17
2.4002;0.9550976;17
2.4502;0.9568678;17
2.5002;0.9562166;17
2.5502;0.9617541;17
2.6002;0.9540096;17
2.6502;0.9605128;17
2.7002;0.9610687;17
2.7502;0.9562638;17
2.8002;0.9552159;17
2.8502;0.9572002;17
2.9002;0.9620714;17
2.9502;0.9575287;17
3.0002;0.960333;17
3.0502;0.9637839;17
3.1002;0.9606699;17
3.1502;0.9556559;17
3.200201;0.9611956;17
3.2502;0.9597283;17
3.3002;0.9643559;17
3.3502;0.9594436;17
3.4002;0.9549003;17
3.450201;0.954038;17
3.5002;0.9602376;17
3.5502;0.9620214;17
3.6002;0.9574773;17
3.6502;0.9627374;17
3.700201;0.9564311;17
3.7502;0.9615955;17
3.8002;0.9613404;17
3.8502;0.9559379;17
3.9002;0.9557942;17
3.950201;0.9610734;17
4.0002;0.9630311;17
4.0502;0.9598784;17
4.1002;0.9552716;17
4.1502;0.9590708;17
4.200201;0.9584026;17
4.2503;0.9674206;17
4.3003;0.9657819;17
4.3503;0.9662103;17
4.400301;0.9650986;17
4.4503;0.9617764;17
4.5003;0.9642993;17
4.5503;0.9617562;17
4.6003;0.9654243;17
4.650301;0.9586701;17
4.7003;0.9654587;17
4.7503;0.9624295;17
4.8003;0.9618731;17
4.8503;0.9645314;17
4.900301;0.9597438;17
4.9503;0.9630361;17
5.0003;0.9639447;17
5.0503;0.963008;17
5.1003;0.9608157;17
5.150301;0.9608737;17
5.2003;0.9633763;17
5.2503;0.9644193;17
5.3003;0.9645259;17
5.3503;0.9671326;17
5.400301;0.9601442;17
5.4503;0.9617018;17
5.5003;0.9705734;17
5.5503;0.9616736;17
5.6003;0.9654883;17
5.650301;0.97388;17
5.7003;0.9648839;17
5.7503;0.9657737;17
5.8003;0.9662714;17
5.8503;0.9599112;17
5.900301;0.9656575;17
5.9503;0.965163;17
6.0003;0.9594499;17
6.0504;0.9649197;17
6.1004;0.9713532;17
6.1504;0.9671156;17
6.2004;0.9649621;17
6.2504;0.9646181;17
6.3004;0.9721962;17
6.3504;0.965991;17
6.4004;0.9654124;17
6.4504;0.9651467;17
6.5004;0.9643191;17
6.5504;0.9660016;17
6.6004;0.9651386;17
6.6504;0.9662884;17
6.7004;0.9680435;17
6.7504;0.9639609;17
6.8004;0.9733897;17
6.8504;0.9700783;17
6.9004;0.9658163;17
6.9504;0.9686171;17
7.0004;0.9660367;17
7.0504;0.9676695;17
7.1004;0.9668543;17
7.1504;0.9672218;17
7.2004;0.966329;17
7.2504;0.9702881;17
7.3004;0.9635759;17
7.3504;0.9661818;17
7.4004;0.9641764;17
7.4504;0.9663229;17
7.5004;0.9677189;17
7.5504;0.9700788;17
7.6004;0.9682181;17
7.6504;0.9656932;17
7.7004;0.9686813;17
7.7504;0.9735937;17
7.8004;0.9780222;17
7.8505;0.9699559;17
7.9005;0.9696938;17
7.9505;0.9667757;17
8.0005;0.9664463;17
8.050501;0.9650221;17
8.1005;0.965721;17
8.150499;0.9650276;17
8.2005;0.9685844;17
8.2505;0.9716626;17
8.300501;0.9692703;17
8.3505;0.9722951;17
8.400499;0.9633018;17
8.4505;0.9705374;17
8.5005;0.9719045;17
8.550501;0.9694352;17
8.6005;0.9705563;17
8.650499;0.9631312;17
8.7005;0.9677911;17
8.7505;0.9618285;17
8.800501;0.9669949;17
8.8505;0.9668221;17
8.900499;0.9669866;17
8.9505;0.9676186;17
9.0005;0.9699277;17
9.050501;0.9671798;17
9.1005;0.9696546;17
9.150499;0.96678;17
9.2005;0.9657341;17
9.2505;0.9712561;17
9.300501;0.9693494;17
9.3505;0.9702141;17
9.400499;0.9669201;17
9.4505;0.9758968;17
9.5005;0.9701507;17
9.550501;0.9688373;17
9.6005;0.9696281;17
9.6506;0.9706398;17
9.7006;0.9683457;17
9.750601;0.9727746;17
9.8006;0.9657606;17
9.850599;0.9762352;17
9.9006;0.977016;17
9.9506;0.9686642;17
10.0006;0.9712915;17
10.0006;0.9712915;17
-4.9503;0.5298881;2
-4.9003;0.5292253;2
-4.8502;0.5284468;2
-4.8002;0.528137;2
-4.7502;0.5292165;2
-4.7002;0.5279174;2
-4.6502;0.5285254;2
-4.6002;0.5287166;2
-4.5502;0.5277693;2
-4.5002;0.5284747;2
-4.4502;0.5282225;2
-4.4002;0.5302567;2
-4.3502;0.5268113;2
-4.3002;0.530215;2
-4.2502;0.527948;2
-4.2002;0.5314198;2
-4.1502;0.5282212;2
-4.1002;0.5275388;2
-4.0502;0.5276929;2
-4.0002;0.5290003;2
-3.9502;0.528778;2
-3.9002;0.5281131;2
-3.8502;0.529524;2
-3.8002;0.5303891;2
-3.7502;0.5279164;2
-3.7002;0.5287257;2
-3.6502;0.5300313;2
-3.6002;0.5286549;2
-3.5502;0.5282787;2
-3.5002;0.5294136;2
-3.4502;0.5306188;2
-3.4002;0.5286841;2
-3.3502;0.5290591;2
-3.3002;0.5272177;2
-3.2502;0.5293395;2
-3.2002;0.5293644;2
-3.1502;0.5307232;2
-3.1002;0.5284016;2
-3.0501;0.5268338;2
-3.0001;0.5288388;2
-2.9501;0.5296935;2
-2.9001;0.5288655;2
-2.8501;0.5297843;2
-2.8001;0.5295106;2
-2.7501;0.5282448;2
-2.7001;0.5291234;2
-2.6501;0.5279935;2
-2.6001;0.5300326;2
-2.5501;0.5282937;2
-2.5001;0.5271376;2
-2.4501;0.5295018;2
-2.4001;0.5297161;2
-2.3501;0.5289174;2
-2.3001;0.5287952;2
-2.2501;0.529187;2
-2.2001;0.5297635;2
-2.1501;0.5289587;2
-2.1001;0.5278928;2
-2.0501;0.5283045;2
-2.0001;0.5274726;2
-1.9501;0.5282725;2
-1.9001;0.5278534;2
-1.8501;0.5279867;2
-1.8001;0.529862;2
-1.7501;0.5288159;2
-1.7001;0.5311638;2
-1.6501;0.5311236;2
-1.6001;0.5263339;2
-1.5501;0.5287878;2
-1.5001;0.5280697;2
-1.4501;0.528273;2
-1.4001;0.5270479;2
-1.3501;0.5296559;2
-1.3001;0.5305737;2
-1.25;0.5295671;2
-1.2;0.5270798;2
-1.15;0.5293097;2
-1.1;0.5298936;2
-1.05;0.5278096;2
-1;0.5290061;2
-0.9499998;0.5295571;2
-0.9000001;0.5284034;2
-0.8499999;0.5300247;2
-0.7999997;0.5285453;2
-0.75;0.5321906;2
-0.6999998;0.5263594;2
-0.6500001;0.5289085;2
-0.5999999;0.5282363;2
-0.5499997;0.5286083;2
-0.5;0.5289358;2
-0.4499998;0.5286527;2
-0.4000001;0.5277398;2
-0.3499999;0.529547;2
-0.2999997;0.5284566;2
-0.25;0.5286535;2
-0.1999998;0.5280271;2
-0.1500001;0.5281044;2
-0.0999999;0.5277782;2
-0.04999971;0.5279644;2
0;0.5308716;2
0.05000019;0.5320075;2
0.0999999;0.5349051;2
0.1500001;0.5393071;2
0.2000003;0.5387212;2
0.25;0.5412837;2
0.3000002;0.5414603;2
0.3499999;0.5401589;2
0.4000001;0.5431306;2
0.4500003;0.5405223;2
0.5;0.5432831;2
0.5500998;0.5432556;2
0.6001;0.5442834;2
0.6501002;0.5441961;2
0.7000999;0.5447177;2
0.7501001;0.5453516;2
0.8000998;0.545541;2
0.8501;0.544899;2
0.9001002;0.5467489;2
0.9500999;0.5462212;2
1.0001;0.5455668;2
1.0501;0.5481142;2
1.1001;0.5487622;2
1.1501;0.5488747;2
1.2001;0.5487396;2
1.2501;0.5473711;2
1.3001;0.5509697;2
1.3501;0.5506769;2
1.4001;0.5491927;2
1.4501;0.5508322;2
1.5001;0.5493234;2
1.5501;0.549996;2
1.6001;0.5521757;2
1.6501;0.5519588;2
1.7001;0.5529207;2
1.7501;0.553439;2
1.8001;0.5502198;2
1.8501;0.5531545;2
1.9001;0.5527498;2
1.9501;0.5517496;2
2.0001;0.5531498;2
2.0501;0.5529195;2
2.1001;0.5525267;2
2.1501;0.5517032;2
2.2001;0.5532198;2
2.2501;0.5559075;2
2.3001;0.5554337;2
2.3502;0.5548218;2
2.4002;0.5545712;2
2.4502;0.5569677;2
2.5002;0.5559754;2
2.5502;0.5569771;2
2.6002;0.556068;2
2.6502;0.5531318;2
2.7002;0.5575654;2
2.7502;0.557034;2
2.8002;0.555986;2
2.8502;0.5572678;2
2.9002;0.5580577;2
2.9502;0.5579653;2
3.0002;0.5570054;2
3.0502;0.5590019;2
3.1002;0.5563216;2
3.1502;0.5574929;2
3.200201;0.5573418;2
3.2502;0.5590716;2
3.3002;0.5587119;2
3.3502;0.5574358;2
3.4002;0.5575818;2
3.450201;0.5591782;2
3.5002;0.5571114;2
3.5502;0.5603988;2
3.6002;0.5590405;2
3.6502;0.5574088;2
3.700201;0.5583858;2
3.7502;0.5583642;2
3.8002;0.5604693;2
3.8502;0.561909;2
3.9002;0.5622956;2
3.950201;0.5596444;2
4.0002;0.5607011;2
4.0502;0.5616651;2
4.1002;0.5627116;2
4.150301;0.5621661;2
4.2003;0.5616593;2
4.2503;0.5622617;2
4.3003;0.5614907;2
4.3503;0.5619;2
4.400301;0.5610715;2
4.4503;0.5639027;2
4.5003;0.561531;2
4.5503;0.5628071;2
4.6003;0.562338;2
4.650301;0.5622042;2
4.7003;0.5640079;2
4.7503;0.5656885;2
4.8003;0.5641353;2
4.8503;0.5621634;2
4.900301;0.5626639;2
4.9503;0.5615788;2
5.0003;0.5610653;2
5.0503;0.564948;2
5.1003;0.56447;2
5.150301;0.5636764;2
5.2003;0.5626711;2
5.2503;0.5647445;2
5.3003;0.5626467;2
5.3503;0.5629091;2
5.400301;0.5626273;2
5.4503;0.5660579;2
5.5003;0.5639642;2
5.5503;0.5640176;2
5.6003;0.565932;2
5.650301;0.5661532;2
5.7003;0.5643623;2
5.7503;0.566047;2
5.8003;0.565447;2
5.8503;0.5662836;2
5.9004;0.56415;2
5.9504;0.5661926;2
6.0004;0.5669055;2
6.0504;0.56343;2
6.1004;0.5678969;2
6.1504;0.5650747;2
6.2004;0.5641693;2
6.2504;0.5665094;2
6.3004;0.5672472;2
6.3504;0.5667483;2
6.4004;0.5670201;2
6.4504;0.56566;2
6.5004;0.5666482;2
6.5504;0.5686196;2
6.6004;0.5649408;2
6.6504;0.5683176;2
6.7004;0.5661402;2
6.7504;0.5694754;2
6.8004;0.567053;2
6.8504;0.566158;2
6.9004;0.566877;2
6.9504;0.5670727;2
7.0004;0.5684485;2
7.0504;0.5680888;2
7.1004;0.5692012;2
7.1504;0.5665438;2
7.2004;0.568914;2
7.2504;0.5682484;2
7.3004;0.5669115;2
7.3504;0.5696993;2
7.4004;0.5682375;2
7.4504;0.5697813;2
7.5004;0.5683125;2
7.5504;0.5681639;2
7.6004;0.5662265;2
7.6504;0.5677525;2
7.7005;0.5681869;2
7.7505;0.5662659;2
7.8005;0.5686443;2
7.8505;0.5679915;2
7.9005;0.5682955;2
7.9505;0.5685142;2
8.0005;0.5730444;2
8.050501;0.5679937;2
8.1005;0.5685263;2
8.150499;0.5693228;2
8.2005;0.5710888;2
8.2505;0.5698529;2
8.300501;0.5702707;2
8.3505;0.5698127;2
8.400499;0.5711211;2
8.4505;0.5703168;2
8.5005;0.5723369;2
8.550501;0.5711882;2
8.6005;0.5701866;2
8.650499;0.5712291;2
8.7005;0.5709862;2
8.7505;0.5702333;2
8.800501;0.572261;2
8.8505;0.5713016;2
8.900499;0.5700634;2
8.9505;0.5687634;2
9.0005;0.5703744;2
9.050501;0.5699511;2
9.1005;0.5687791;2
9.150499;0.5717227;2
9.2005;0.5718614;2
9.2505;0.5693089;2
9.300501;0.5700248;2
9.3505;0.5714204;2
9.400499;0.5738299;2
9.4505;0.5709875;2
9.500601;0.571025;2
9.5506;0.5702192;2
9.600599;0.5739822;2
9.6506;0.5702792;2
9.7006;0.5718862;2
9.750601;0.5743561;2
9.8006;0.5734874;2
9.850599;0.5721705;2
9.9006;0.5729378;2
9.9506;0.570374;2
10.0006;0.5730984;2
10.0006;0.5730984;2
-4.9503;0.8063836;10
-4.9003;0.8028049;10
-4.8503;0.8051878;10
-4.8003;0.8072612;10
-4.7503;0.8052021;10
-4.7003;0.8081738;10
-4.6503;0.8054752;10
-4.6003;0.8060679;10
-4.5503;0.8062449;10
-4.5003;0.8067217;10
-4.4503;0.8069844;10
-4.4003;0.8074708;10
-4.3503;0.804175;10
-4.3003;0.8061662;10
-4.2503;0.8065331;10
-4.2003;0.8054292;10
-4.1503;0.8063316;10
-4.1003;0.8082252;10
-4.0503;0.8056038;10
-4.0003;0.8060147;10
-3.9503;0.8061168;10
-3.9003;0.8058475;10
-3.8503;0.8045958;10
-3.8003;0.8074624;10
-3.7503;0.8047503;10
-3.7003;0.8087869;10
-3.6503;0.8092432;10
-3.6003;0.8040653;10
-3.5502;0.808126;10
-3.5002;0.8059546;10
-3.4502;0.8046846;10
-3.4002;0.8082505;10
-3.3502;0.8053435;10
-3.3002;0.8071707;10
-3.2502;0.80593;10
-3.2002;0.8056118;10
-3.1502;0.8074995;10
-3.1002;0.80719;10
-3.0502;0.8066382;10
-3.0002;0.8076905;10
-2.9502;0.8076227;10
-2.9002;0.8051262;10
-2.8502;0.8051791;10
-2.8002;0.8039722;10
-2.7502;0.8070019;10
-2.7002;0.8050703;10
-2.6502;0.8070263;10
-2.6002;0.8086222;10
-2.5502;0.8085846;10
-2.5002;0.8053812;10
-2.4502;0.8048595;10
-2.4002;0.8063794;10
-2.3502;0.8084843;10
-2.3002;0.8088041;10
-2.2502;0.8050741;10
-2.2002;0.8048203;10
-2.1502;0.8037122;10
-2.1002;0.8074402;10
-2.0502;0.8055068;10
-2.0002;0.8054735;10
-1.9502;0.8050884;10
-1.9002;0.8062751;10
-1.8502;0.8059791;10
-1.8002;0.8067735;10
-1.7501;0.8060899;10
-1.7001;0.8029771;10
-1.6501;0.8069712;10
-1.6001;0.8059455;10
-1.5501;0.8066823;10
-1.5001;0.8062994;10
-1.4501;0.808444;10
-1.4001;0.8063549;10
-1.3501;0.8065871;10
-1.3001;0.8046136;10
-1.2501;0.8060014;10
-1.2001;0.8046497;10
-1.1501;0.8083934;10
-1.1001;0.8052253;10
-1.0501;0.8046644;10
-1.0001;0.80521;10
-0.9500999;0.8052042;10
-0.9000998;0.8051253;10
-0.8501;0.8050492;10
-0.8000998;0.8053551;10
-0.7501001;0.8066328;10
-0.7000999;0.8035163;10
-0.6500998;0.8062503;10
-0.6001;0.8043332;10
-0.5500998;0.8042778;10
-0.5001001;0.8048874;10
-0.4500999;0.8059825;10
-0.4000998;0.8048666;10
-0.3501;0.8073268;10
-0.3000998;0.8052905;10
-0.2501001;0.8064937;10
-0.2000999;0.8072217;10
-0.1500998;0.8063338;10
-0.1001;0.8080149;10
-0.05009985;0.8053735;10
0;0.8065029;10
0.05000019;0.809718;10
0.0999999;0.8151194;10
0.1500001;0.8157111;10
0.2000003;0.8194832;10
0.25;0.8180014;10
0.3000002;0.819598;10
0.3499999;0.8207778;10
0.4000001;0.823266;10
0.4500003;0.8238842;10
0.5;0.8213466;10
0.5500002;0.8221552;10
0.5999999;0.8258023;10
0.6500001;0.8255987;10
0.7000003;0.8266263;10
0.75;0.8275175;10
0.8000002;0.8268616;10
0.8499999;0.8269949;10
0.9000001;0.8288497;10
0.9500003;0.8272535;10
1;0.8278524;10
1.05;0.8304072;10
1.1;0.8290263;10
1.15;0.829867;10
1.2;0.8323948;10
1.25;0.8323666;10
1.3;0.8316661;10
1.35;0.8335368;10
1.4;0.8347029;10
1.45;0.8332534;10
1.5;0.8354831;10
1.55;0.8326397;10
1.6;0.8342838;10
1.65;0.8335858;10
1.7;0.833079;10
1.75;0.8369163;10
1.8001;0.8362573;10
1.8501;0.8374695;10
1.9001;0.8355848;10
1.9501;0.8370442;10
2.0001;0.8370145;10
2.0501;0.8381979;10
2.1001;0.8374699;10
2.1501;0.8398112;10
2.2001;0.8398194;10
2.2501;0.8404883;10
2.3001;0.8400518;10
2.3501;0.8412026;10
2.4001;0.8416185;10
2.4501;0.8393039;10
2.5001;0.8406742;10
2.5501;0.8423042;10
2.6001;0.8438571;10
2.6501;0.8420185;10
2.7001;0.8425578;10
2.7501;0.8429862;10
2.8001;0.8413579;10
2.8501;0.8403184;10
2.9001;0.8416016;10
2.9501;0.8415877;10
3.0001;0.8419189;10
3.0501;0.8443547;10
3.1001;0.8426716;10
3.1501;0.8422835;10
3.2001;0.8441013;10
3.2501;0.8432943;10
3.3001;0.8457488;10
3.3501;0.8462546;10
3.4001;0.8460924;10
3.4501;0.8439483;10
3.5001;0.8463126;10
3.5501;0.8453031;10
3.6002;0.8457737;10
3.6502;0.8450024;10
3.700201;0.847966;10
3.7502;0.8484423;10
3.8002;0.8469502;10
3.8502;0.8469645;10
3.9002;0.8495184;10
3.950201;0.8501278;10
4.0002;0.847969;10
4.0502;0.8501728;10
4.1002;0.8497923;10
4.1502;0.8474647;10
4.200201;0.8489823;10
4.2502;0.8503307;10
4.3002;0.8514301;10
4.3502;0.8493198;10
4.4002;0.8494191;10
4.450201;0.8498327;10
4.5002;0.8515921;10
4.5502;0.8511965;10
4.6002;0.8509927;10
4.6502;0.8521474;10
4.700201;0.8522295;10
4.7502;0.8517275;10
4.8002;0.8506894;10
4.8502;0.853401;10
4.9002;0.8521091;10
4.950201;0.8497723;10
5.0002;0.8523761;10
5.0502;0.8517747;10
5.1002;0.8524766;10
5.1502;0.8535942;10
5.200201;0.8547186;10
5.2502;0.8547052;10
5.3002;0.850529;10
5.3502;0.8538727;10
5.400301;0.857166;10
5.4503;0.8577209;10
5.5003;0.8523281;10
5.5503;0.8527126;10
5.6003;0.8544773;10
5.650301;0.8558528;10
5.7003;0.8550842;10
5.7503;0.8552077;10
5.8003;0.8556585;10
5.8503;0.8560098;10
5.900301;0.8574438;10
5.9503;0.8526905;10
6.0003;0.8560781;10
6.0503;0.8533026;10
6.1003;0.8560851;10
6.150301;0.856658;10
6.2003;0.8570517;10
6.2503;0.8562282;10
6.3003;0.8589211;10
6.3503;0.8590007;10
6.400301;0.8580524;10
6.4503;0.8571528;10
6.5003;0.8567981;10
6.5503;0.85707;10
6.6003;0.8574864;10
6.650301;0.85777;10
6.7003;0.8594056;10
6.7503;0.8604652;10
6.8003;0.8594424;10
6.8503;0.8617149;10
6.900301;0.8597412;10
6.9503;0.8582773;10
7.0003;0.8586662;10
7.0503;0.8582299;10
7.1003;0.8601854;10
7.150301;0.8608793;10
7.2004;0.8590326;10
7.2504;0.8586802;10
7.3004;0.8603869;10
7.3504;0.860382;10
7.4004;0.8598908;10
7.4504;0.8586606;10
7.5004;0.8618666;10
7.5504;0.8592448;10
7.6004;0.8615373;10
7.6504;0.8606441;10
7.7004;0.8611346;10
7.7504;0.8627276;10
7.8004;0.8606378;10
7.8504;0.8625531;10
7.9004;0.8626284;10
7.9504;0.8639175;10
8.000401;0.862391;10
8.0504;0.8631651;10
8.100401;0.861321;10
8.1504;0.8622813;10
8.200399;0.8633751;10
8.250401;0.862633;10
8.3004;0.8618987;10
8.350401;0.8623218;10
8.4004;0.8633786;10
8.450399;0.8669024;10
8.500401;0.865987;10
8.5504;0.8636191;10
8.600401;0.8632866;10
8.6504;0.8658239;10
8.700399;0.8646957;10
8.750401;0.8633575;10
8.8004;0.8676454;10
8.850401;0.8644756;10
8.9004;0.862984;10
8.950399;0.8633353;10
9.0005;0.8662483;10
9.050501;0.8641551;10
9.1005;0.8623028;10
9.150499;0.8645037;10
9.2005;0.8602507;10
9.2505;0.867084;10
9.300501;0.8664331;10
9.3505;0.8653609;10
9.400499;0.8665928;10
9.4505;0.8646031;10
9.5005;0.8630927;10
9.550501;0.8650289;10
9.6005;0.8660942;10
9.650499;0.8652879;10
9.7005;0.8661177;10
9.7505;0.8651676;10
9.800501;0.8621947;10
9.8505;0.867401;10
9.900499;0.8660282;10
9.9505;0.8676448;10
10.0005;0.8662532;10
10.0005;0.8662532;10
-4.9503;0.5990662;18
-4.9003;0.5974169;18
-4.8503;0.5983315;18
-4.8003;0.5972942;18
-4.7503;0.5996235;18
-4.7003;0.5978614;18
-4.6503;0.598331;18
-4.6003;0.5972878;18
-4.5503;0.5991237;18
-4.5003;0.594484;18
-4.4503;0.5975261;18
-4.4003;0.597498;18
-4.3503;0.5978116;18
-4.3003;0.5968442;18
-4.2502;0.5967478;18
-4.2002;0.597416;18
-4.1502;0.5969681;18
-4.1002;0.5968672;18
-4.0502;0.5980489;18
-4.0002;0.5982258;18
-3.9502;0.5969945;18
-3.9002;0.598661;18
-3.8502;0.5978036;18
-3.8002;0.5968794;18
-3.7502;0.5957257;18
-3.7002;0.5983257;18
-3.6502;0.5967425;18
-3.6002;0.597492;18
-3.5502;0.5960487;18
-3.5002;0.5967518;18
-3.4502;0.5979969;18
-3.4002;0.5964532;18
-3.3502;0.596309;18
-3.3002;0.5969682;18
-3.2502;0.5971637;18
-3.2002;0.5976279;18
-3.1502;0.5954764;18
-3.1002;0.5974898;18
-3.0502;0.5969483;18
-3.0002;0.5999159;18
-2.9502;0.597515;18
-2.9002;0.5968047;18
-2.8502;0.5967127;18
-2.8002;0.5983776;18
-2.7502;0.5967635;18
-2.7002;0.5981895;18
-2.6502;0.5978805;18
-2.6002;0.5979591;18
-2.5502;0.5978368;18
-2.5002;0.5963028;18
-2.4501;0.5983291;18
-2.4001;0.5971975;18
-2.3501;0.5966913;18
-2.3001;0.5990197;18
-2.2501;0.5978194;18
-2.2001;0.5981967;18
-2.1501;0.5975872;18
-2.1001;0.5978155;18
-2.0501;0.5965102;18
-2.0001;0.5973313;18
-1.9501;0.5978963;18
-1.9001;0.5998385;18
-1.8501;0.5949994;18
-1.8001;0.5971515;18
-1.7501;0.5976755;18
-1.7001;0.5985157;18
-1.6501;0.5982466;18
-1.6001;0.5985858;18
-1.5501;0.598019;18
-1.5001;0.5974334;18
-1.4501;0.5979568;18
-1.4001;0.5959859;18
-1.3501;0.5983355;18
-1.3001;0.5972828;18
-1.2501;0.5969118;18
-1.2001;0.5964842;18
-1.1501;0.5967494;18
-1.1001;0.5966225;18
-1.0501;0.5981316;18
-1.0001;0.5969148;18
-0.9500999;0.5980164;18
-0.9000998;0.5988218;18
-0.8501;0.5982461;18
-0.8000998;0.5959854;18
-0.7501001;0.59984;18
-0.7000999;0.5993179;18
-0.6500001;0.5989503;18
-0.5999999;0.5996424;18
-0.5499997;0.5968003;18
-0.5;0.5965537;18
-0.4499998;0.5966968;18
-0.4000001;0.5959606;18
-0.3499999;0.5979388;18
-0.2999997;0.5940004;18
-0.25;0.5986851;18
-0.1999998;0.5977945;18
-0.1500001;0.5967866;18
-0.0999999;0.5971979;18
-0.04999971;0.5976176;18
0;0.598385;18
0.05000019;0.5995858;18
0.0999999;0.6055577;18
0.1500001;0.6101836;18
0.2000003;0.6116543;18
0.25;0.613327;18
0.3000002;0.614072;18
0.3499999;0.6165526;18
0.4000001;0.6169459;18
0.4500003;0.6177374;18
0.5;0.6192547;18
0.5500002;0.6192881;18
0.5999999;0.6200906;18
0.6500001;0.6219792;18
0.7000003;0.62236;18
0.75;0.6210985;18
0.8000002;0.6237867;18
0.8499999;0.6239828;18
0.9000001;0.6242787;18
0.9500003;0.6232994;18
1;0.6248521;18
1.05;0.6259685;18
1.1001;0.6252446;18
1.1501;0.6256899;18
1.2001;0.6281779;18
1.2501;0.6295201;18
1.3001;0.6285483;18
1.3501;0.6288949;18
1.4001;0.6288401;18
1.4501;0.628424;18
1.5001;0.6321598;18
1.5501;0.6304857;18
1.6001;0.6327717;18
1.6501;0.6315265;18
1.7001;0.6319557;18
1.7501;0.633965;18
1.8001;0.6349728;18
1.8501;0.6336899;18
1.9001;0.6346856;18
1.9501;0.6338075;18
2.0001;0.6323681;18
2.0501;0.6348425;18
2.1001;0.6384734;18
2.1501;0.6337885;18
2.2001;0.6360385;18
2.2501;0.6377021;18
2.3001;0.635462;18
2.3501;0.636379;18
2.4001;0.6381149;18
2.4501;0.6349643;18
2.5001;0.6372681;18
2.5501;0.6389799;18
2.6001;0.6388795;18
2.6501;0.637271;18
2.7001;0.6414678;18
2.7501;0.6395426;18
2.8001;0.638636;18
2.8501;0.6381695;18
2.9002;0.6392548;18
2.9502;0.639847;18
3.0002;0.6405676;18
3.0502;0.6399956;18
3.1002;0.6416143;18
3.1502;0.6432337;18
3.200201;0.6413535;18
3.2502;0.6409896;18
3.3002;0.6422321;18
3.3502;0.6421752;18
3.4002;0.6433258;18
3.450201;0.6431131;18
3.5002;0.6421837;18
3.5502;0.6446837;18
3.6002;0.6439721;18
3.6502;0.6427854;18
3.700201;0.6432742;18
3.7502;0.6437575;18
3.8002;0.6444885;18
3.8502;0.6481137;18
3.9002;0.6459324;18
3.950201;0.646359;18
4.0002;0.6440779;18
4.0502;0.6451707;18
4.1002;0.6457161;18
4.1502;0.646657;18
4.200201;0.6476431;18
4.2502;0.6462967;18
4.3002;0.6476678;18
4.3502;0.6487191;18
4.4002;0.6470662;18
4.450201;0.6498824;18
4.5002;0.6498605;18
4.5502;0.6464152;18
4.6002;0.6481068;18
4.6502;0.6487066;18
4.7003;0.6502433;18
4.7503;0.650625;18
4.8003;0.6483486;18
4.8503;0.6497569;18
4.900301;0.6493295;18
4.9503;0.6501774;18
5.0003;0.649363;18
5.0503;0.6502219;18
5.1003;0.6520081;18
5.150301;0.6494437;18
5.2003;0.6498412;18
5.2503;0.6509597;18
5.3003;0.6507509;18
5.3503;0.6517419;18
5.400301;0.6502365;18
5.4503;0.6511374;18
5.5003;0.6531911;18
5.5503;0.6532724;18
5.6003;0.6533351;18
5.650301;0.6529565;18
5.7003;0.653939;18
5.7503;0.6514822;18
5.8003;0.6524674;18
5.8503;0.6523568;18
5.900301;0.6519042;18
5.9503;0.6533235;18
6.0003;0.6524898;18
6.0503;0.6528851;18
6.1003;0.6538266;18
6.150301;0.6536313;18
6.2003;0.6539057;18
6.2503;0.6548914;18
6.3003;0.6549353;18
6.3503;0.6526645;18
6.400301;0.6527864;18
6.4503;0.6544633;18
6.5004;0.6560025;18
6.5504;0.6554092;18
6.6004;0.6575569;18
6.6504;0.656082;18
6.7004;0.6564174;18
6.7504;0.6565427;18
6.8004;0.6572337;18
6.8504;0.6581088;18
6.9004;0.6572812;18
6.9504;0.6553862;18
7.0004;0.6564556;18
7.0504;0.6572214;18
7.1004;0.6566727;18
7.1504;0.6583976;18
7.2004;0.6573349;18
7.2504;0.6558706;18
7.3004;0.6582062;18
7.3504;0.6555953;18
7.4004;0.6572908;18
7.4504;0.6566507;18
7.5004;0.6557509;18
7.5504;0.658043;18
7.6004;0.6594841;18
7.6504;0.6569303;18
7.7004;0.6571664;18
7.7504;0.6601064;18
7.8004;0.6601985;18
7.8504;0.6571348;18
7.9004;0.6593177;18
7.9504;0.657369;18
8.000401;0.659065;18
8.0504;0.6556119;18
8.100401;0.6587521;18
8.1504;0.6598182;18
8.200399;0.6570417;18
8.250401;0.6591667;18
8.300501;0.6598816;18
8.3505;0.6589351;18
8.400499;0.6597934;18
8.4505;0.6608149;18
8.5005;0.6610077;18
8.550501;0.6602486;18
8.6005;0.660698;18
8.650499;0.6602291;18
8.7005;0.6621743;18
8.7505;0.6617479;18
8.800501;0.6617447;18
8.8505;0.6615749;18
8.900499;0.6610998;18
8.9505;0.6618958;18
9.0005;0.6604315;18
9.050501;0.6627515;18
9.1005;0.6604117;18
9.150499;0.6622357;18
9.2005;0.6596546;18
9.2505;0.6614604;18
9.300501;0.6619413;18
9.3505;0.6613194;18
9.400499;0.6618129;18
9.4505;0.6609089;18
9.5005;0.66186;18
9.550501;0.6620712;18
9.6005;0.6619889;18
9.650499;0.661815;18
9.7005;0.6650894;18
9.7505;0.6631473;18
9.800501;0.6628332;18
9.8505;0.6616756;18
9.900499;0.6628303;18
9.9505;0.664827;18
10.0006;0.6639416;18
10.0006;0.6639416;18
-4.9503;0.518873;3
-4.9003;0.5176675;3
-4.8503;0.5158635;3
-4.8003;0.5187572;3
-4.7503;0.5190617;3
-4.7003;0.5181651;3
-4.6503;0.5165015;3
-4.6003;0.5165506;3
-4.5503;0.5167875;3
-4.5003;0.51929;3
-4.4503;0.517862;3
-4.4002;0.516917;3
-4.3502;0.5165871;3
-4.3002;0.517402;3
-4.2502;0.5161842;3
-4.2002;0.5165463;3
-4.1502;0.5170872;3
-4.1002;0.5168934;3
-4.0502;0.5177752;3
-4.0002;0.519136;3
-3.9502;0.5181112;3
-3.9002;0.5175816;3
-3.8502;0.514039;3
-3.8002;0.518138;3
-3.7502;0.5173971;3
-3.7002;0.5169708;3
-3.6502;0.5178082;3
-3.6002;0.51498;3
-3.5502;0.5199265;3
-3.5002;0.5147942;3
-3.4502;0.5179647;3
-3.4002;0.5174865;3
-3.3502;0.5167299;3
-3.3002;0.5167403;3
-3.2502;0.5163292;3
-3.2002;0.5147583;3
-3.1502;0.5180814;3
-3.1002;0.5171952;3
-3.0502;0.5155123;3
-3.0002;0.5160597;3
-2.9502;0.5163602;3
-2.9002;0.5168555;3
-2.8502;0.5167518;3
-2.8002;0.5150335;3
-2.7502;0.5180961;3
-2.7002;0.516932;3
-2.6502;0.5151306;3
-2.6001;0.5166985;3
-2.5501;0.5171769;3
-2.5001;0.5162477;3
-2.4501;0.5164708;3
-2.4001;0.5179514;3
-2.3501;0.5177251;3
-2.3001;0.5172011;3
-2.2501;0.5153514;3
-2.2001;0.5168247;3
-2.1501;0.5156208;3
-2.1001;0.5174811;3
-2.0501;0.5183005;3
-2.0001;0.5168209;3
-1.9501;0.5183488;3
-1.9001;0.5185056;3
-1.8501;0.5196744;3
-1.8001;0.5167878;3
-1.7501;0.5169977;3
-1.7001;0.5179679;3
-1.6501;0.5136734;3
-1.6001;0.516464;3
-1.5501;0.5167235;3
-1.5001;0.5179488;3
-1.4501;0.5173024;3
-1.4001;0.5156007;3
-1.3501;0.5182565;3
-1.3001;0.5162552;3
-1.2501;0.5173881;3
-1.2001;0.5176628;3
-1.1501;0.5161242;3
-1.1001;0.5170023;3
-1.0501;0.5174515;3
-1.0001;0.5158651;3
-0.9500999;0.5183871;3
-0.9000998;0.5177902;3
-0.8501;0.5152734;3
-0.7999997;0.5156704;3
-0.75;0.5152007;3
-0.6999998;0.5177559;3
-0.6500001;0.5169494;3
-0.5999999;0.5164721;3
-0.5499997;0.5165341;3
-0.5;0.5180939;3
-0.4499998;0.5191025;3
-0.4000001;0.5186621;3
-0.3499999;0.5169991;3
-0.2999997;0.5170289;3
-0.25;0.5147097;3
-0.1999998;0.5172634;3
-0.1500001;0.5185933;3
-0.0999999;0.5190194;3
-0.04999971;0.5173839;3
0;0.519031;3
0.05000019;0.5197006;3
0.0999999;0.523312;3
0.1500001;0.5254833;3
0.2000003;0.5275114;3
0.25;0.5291134;3
0.3000002;0.5282874;3
0.3499999;0.5288953;3
0.4000001;0.5306253;3
0.4500003;0.5293456;3
0.5;0.5310676;3
0.5500002;0.5308033;3
0.5999999;0.5312319;3
0.6500001;0.528439;3
0.7000003;0.5326589;3
0.75;0.5313123;3
0.8000002;0.534918;3
0.8499999;0.5339472;3
0.9000001;0.5362958;3
0.9500003;0.534527;3
1.0001;0.5341262;3
1.0501;0.5350872;3
1.1001;0.5365939;3
1.1501;0.5364978;3
1.2001;0.5353465;3
1.2501;0.5348359;3
1.3001;0.5371463;3
1.3501;0.5363676;3
1.4001;0.5379171;3
1.4501;0.5388893;3
1.5001;0.5381277;3
1.5501;0.5387932;3
1.6001;0.5377871;3
1.6501;0.5402327;3
1.7001;0.5381153;3
1.7501;0.5375192;3
1.8001;0.53916;3
1.8501;0.5392696;3
1.9001;0.5392339;3
1.9501;0.5403367;3
2.0001;0.5395485;3
2.0501;0.5422233;3
2.1001;0.5400484;3
2.1501;0.5405071;3
2.2001;0.5405509;3
2.2501;0.5421838;3
2.3001;0.5439985;3
2.3501;0.5435305;3
2.4001;0.5417712;3
2.4501;0.5423672;3
2.5001;0.540233;3
2.5501;0.5414222;3
2.6001;0.5428863;3
2.6501;0.5431027;3
2.7001;0.5427867;3
2.7501;0.5426981;3
2.8002;0.5425794;3
2.8502;0.5444883;3
2.9002;0.5433956;3
2.9502;0.5429497;3
3.0002;0.5454568;3
3.0502;0.5411217;3
3.1002;0.543371;3
3.1502;0.5437426;3
3.200201;0.5423408;3
3.2502;0.5447833;3
3.3002;0.5448931;3
3.3502;0.5420367;3
3.4002;0.5432872;3
3.450201;0.5450827;3
3.5002;0.5466858;3
3.5502;0.5441714;3
3.6002;0.5468323;3
3.6502;0.5489943;3
3.700201;0.5464015;3
3.7502;0.5473794;3
3.8002;0.5456171;3
3.8502;0.5452374;3
3.9002;0.5445037;3
3.950201;0.5448013;3
4.0002;0.5441805;3
4.0502;0.5467864;3
4.1002;0.5470176;3
4.1502;0.5472643;3
4.200201;0.5465996;3
4.2502;0.5486916;3
4.3002;0.5478405;3
4.3502;0.5462495;3
4.4002;0.549635;3
4.450201;0.5471517;3
4.5002;0.5460501;3
4.5502;0.5474681;3
4.6003;0.5465201;3
4.650301;0.5478426;3
4.7003;0.5468516;3
4.7503;0.547825;3
4.8003;0.5487055;3
4.8503;0.5476443;3
4.900301;0.5502587;3
4.9503;0.5481818;3
5.0003;0.5491745;3
5.0503;0.5493057;3
5.1003;0.5495506;3
5.150301;0.5486811;3
5.2003;0.5498366;3
5.2503;0.547577;3
5.3003;0.551423;3
5.3503;0.548791;3
5.400301;0.5483944;3
5.4503;0.5499004;3
5.5003;0.5495372;3
5.5503;0.551796;3
5.6003;0.550739;3
5.650301;0.5499425;3
5.7003;0.552076;3
5.7503;0.5503131;3
5.8003;0.5527538;3
5.8503;0.5514509;3
5.900301;0.550109;3
5.9503;0.55207;3
6.0003;0.5518691;3
6.0503;0.5512312;3
6.1003;0.5516785;3
6.150301;0.5500895;3
6.2003;0.5540327;3
6.2503;0.5523154;3
6.3003;0.5503795;3
6.3504;0.5498498;3
6.4004;0.549906;3
6.4504;0.5520722;3
6.5004;0.5525861;3
6.5504;0.5533258;3
6.6004;0.5520934;3
6.6504;0.5523816;3
6.7004;0.5508372;3
6.7504;0.5533529;3
6.8004;0.5515413;3
6.8504;0.5515735;3
6.9004;0.5516887;3
6.9504;0.5535454;3
7.0004;0.5513521;3
7.0504;0.5527031;3
7.1004;0.5553944;3
7.1504;0.554095;3
7.2004;0.5507746;3
7.2504;0.5522251;3
7.3004;0.5521417;3
7.3504;0.5527577;3
7.4004;0.5547783;3
7.4504;0.5538012;3
7.5004;0.5532795;3
7.5504;0.5541635;3
7.6004;0.5511922;3
7.6504;0.5548316;3
7.7004;0.5535167;3
7.7504;0.5527993;3
7.8004;0.5531677;3
7.8504;0.5524306;3
7.9004;0.5534614;3
7.9504;0.5581025;3
8.000401;0.5555454;3
8.0504;0.5545521;3
8.100401;0.5557553;3
8.150499;0.5569348;3
8.2005;0.557064;3
8.2505;0.5549307;3
8.300501;0.5528799;3
8.3505;0.556619;3
8.400499;0.5531559;3
8.4505;0.5540521;3
8.5005;0.5575799;3
8.550501;0.5535077;3
8.6005;0.5550041;3
8.650499;0.5563402;3
8.7005;0.5536324;3
8.7505;0.5562917;3
8.800501;0.5548345;3
8.8505;0.5567681;3
8.900499;0.5546981;3
8.9505;0.553825;3
9.0005;0.5521515;3
9.050501;0.5583363;3
9.1005;0.5572419;3
9.150499;0.555023;3
9.2005;0.5559737;3
9.2505;0.5551423;3
9.300501;0.5566714;3
9.3505;0.5564985;3
9.400499;0.5572318;3
9.4505;0.5571033;3
9.5005;0.5537704;3
9.550501;0.5555773;3
9.6005;0.5553746;3
9.650499;0.5574163;3
9.7005;0.5570766;3
9.7505;0.5567529;3
9.800501;0.5570844;3
9.8505;0.5540169;3
9.900499;0.5559619;3
9.9506;0.5570128;3
10.0006;0.5551133;3
10.0006;0.5551133;3
-4.9502;0.8192872;11
-4.9002;0.8209934;11
-4.8502;0.8185555;11
-4.8002;0.8194472;11
-4.7502;0.8170351;11
-4.7002;0.8193997;11
-4.6502;0.8188586;11
-4.6002;0.8178528;11
-4.5502;0.8207713;11
-4.5002;0.8189904;11
-4.4502;0.8166797;11
-4.4002;0.8197908;11
-4.3502;0.8202376;11
-4.3002;0.819581;11
-4.2502;0.821637;11
-4.2002;0.8188125;11
-4.1502;0.8193825;11
-4.1002;0.8165828;11
-4.0502;0.8227535;11
-4.0002;0.8163015;11
-3.9502;0.817166;11
-3.9002;0.8198327;11
-3.8502;0.8225892;11
-3.8002;0.8184093;11
-3.7502;0.8200456;11
-3.7002;0.8191598;11
-3.6502;0.8192301;11
-3.6002;0.817759;11
-3.5502;0.8199995;11
-3.5002;0.8190926;11
-3.4502;0.8173454;11
-3.4002;0.8225249;11
-3.3502;0.8185017;11
-3.3001;0.8224447;11
-3.2501;0.8212587;11
-3.2001;0.8192549;11
-3.1501;0.8196611;11
-3.1001;0.8204;11
-3.0501;0.8203446;11
-3.0001;0.8240277;11
-2.9501;0.8194714;11
-2.9001;0.8167098;11
-2.8501;0.8193041;11
-2.8001;0.8159657;11
-2.7501;0.8198947;11
-2.7001;0.8173733;11
-2.6501;0.8180735;11
-2.6001;0.8199561;11
-2.5501;0.8183475;11
-2.5001;0.8220879;11
-2.4501;0.8196701;11
-2.4001;0.822506;11
-2.3501;0.8194162;11
-2.3001;0.8223487;11
-2.2501;0.8211088;11
-2.2001;0.8164007;11
-2.1501;0.8217565;11
-2.1001;0.8208929;11
-2.0501;0.8200374;11
-2.0001;0.8227788;11
-1.9501;0.819488;11
-1.9001;0.8204722;11
-1.8501;0.8189434;11
-1.8001;0.8221806;11
-1.7501;0.8188467;11
-1.7001;0.8195128;11
-1.6501;0.8186465;11
-1.6001;0.8204294;11
-1.5501;0.8182402;11
-1.5;0.817579;11
-1.45;0.8209537;11
-1.4;0.8213098;11
-1.35;0.8165869;11
-1.3;0.8208197;11
-1.25;0.8186612;11
-1.2;0.8190114;11
-1.15;0.8228144;11
-1.1;0.8182397;11
-1.05;0.8194957;11
-1;0.8205299;11
-0.9499998;0.8188261;11
-0.9000001;0.820618;11
-0.8499999;0.8193927;11
-0.7999997;0.8212686;11
-0.75;0.8210815;11
-0.6999998;0.8199292;11
-0.6500001;0.8237244;11
-0.5999999;0.8193912;11
-0.5499997;0.8205084;11
-0.5;0.82047;11
-0.4499998;0.818017;11
-0.4000001;0.8188552;11
-0.3499999;0.8196553;11
-0.2999997;0.818239;11
-0.25;0.8195335;11
-0.1999998;0.8207058;11
-0.1500001;0.8207171;11
-0.0999999;0.8175444;11
-0.04999971;0.8171817;11
0;0.8173801;11
0.05000019;0.8219846;11
0.0999999;0.8262957;11
0.1500001;0.8280537;11
0.2000003;0.8327547;11
0.25;0.8356153;11
0.3000998;0.8329467;11
0.3501;0.8317754;11
0.4001002;0.8336521;11
0.4500999;0.8396302;11
0.5001001;0.8371142;11
0.5500998;0.8349518;11
0.6001;0.8378345;11
0.6501002;0.8411584;11
0.7000999;0.8398333;11
0.7501001;0.839199;11
0.8000998;0.8426359;11
0.8501;0.8443133;11
0.9001002;0.8375949;11
0.9500999;0.8412392;11
1.0001;0.8437106;11
1.0501;0.844088;11
1.1001;0.8436264;11
1.1501;0.8435857;11
1.2001;0.8489081;11
1.2501;0.839406;11
1.3001;0.8483695;11
1.3501;0.8421713;11
1.4001;0.8488755;11
1.4501;0.8479639;11
1.5001;0.8482858;11
1.5501;0.8477339;11
1.6001;0.8485156;11
1.6501;0.8494179;11
1.7001;0.8500809;11
1.7501;0.8489026;11
1.8001;0.8525918;11
1.8501;0.8526092;11
1.9001;0.8500434;11
1.9501;0.8485477;11
2.0001;0.8512271;11
2.0501;0.8533772;11
2.1002;0.8513319;11
2.1502;0.8510289;11
2.2002;0.8550652;11
2.2502;0.8541895;11
2.3002;0.8558536;11
2.3502;0.8556292;11
2.4002;0.8513556;11
2.4502;0.8534204;11
2.5002;0.8544781;11
2.5502;0.8554485;11
2.6002;0.8563769;11
2.6502;0.8549128;11
2.7002;0.8554255;11
2.7502;0.8566359;11
2.8002;0.8542986;11
2.8502;0.8588185;11
2.9002;0.8568856;11
2.9502;0.8567249;11
3.0002;0.8573753;11
3.0502;0.8576309;11
3.1002;0.8617522;11
3.1502;0.8611313;11
3.200201;0.8576552;11
3.2502;0.8583665;11
3.3002;0.863618;11
3.3502;0.8607267;11
3.4002;0.8612346;11
3.450201;0.8588648;11
3.5002;0.8612578;11
3.5502;0.8636345;11
3.6002;0.8621705;11
3.6502;0.8617437;11
3.700201;0.8608205;11
3.7502;0.8672862;11
3.8002;0.8613126;11
3.8502;0.8617385;11
3.900301;0.8634167;11
3.9503;0.8602751;11
4.0003;0.8618659;11
4.0503;0.8613951;11
4.1003;0.861214;11
4.150301;0.8635386;11
4.2003;0.8616183;11
4.2503;0.8636187;11
4.3003;0.8657098;11
4.3503;0.8655934;11
4.400301;0.8649267;11
4.4503;0.8678997;11
4.5003;0.8651221;11
4.5503;0.863542;11
4.6003;0.866181;11
4.650301;0.8663254;11
4.7003;0.8660982;11
4.7503;0.8671068;11
4.8003;0.8654003;11
4.8503;0.8663933;11
4.900301;0.8639474;11
4.9503;0.8690578;11
5.0003;0.8652795;11
5.0503;0.8678573;11
5.1003;0.8630064;11
5.150301;0.867452;11
5.2003;0.8706316;11
5.2503;0.8710851;11
5.3003;0.8687913;11
5.3503;0.8705495;11
5.400301;0.8659484;11
5.4503;0.8679397;11
5.5003;0.8685526;11
5.5503;0.8676637;11
5.6003;0.8664691;11
5.650301;0.8691071;11
5.7004;0.8748602;11
5.7504;0.8715953;11
5.8004;0.8735574;11
5.8504;0.8711009;11
5.9004;0.8700247;11
5.9504;0.8711938;11
6.0004;0.8735607;11
6.0504;0.8705661;11
6.1004;0.8750542;11
6.1504;0.8741366;11
6.2004;0.8722906;11
6.2504;0.8702595;11
6.3004;0.8725263;11
6.3504;0.8727438;11
6.4004;0.8711576;11
6.4504;0.8761499;11
6.5004;0.8712422;11
6.5504;0.8712484;11
6.6004;0.8710987;11
6.6504;0.8719838;11
6.7004;0.8762285;11
6.7504;0.8727743;11
6.8004;0.8771062;11
6.8504;0.8782494;11
6.9004;0.8742134;11
6.9504;0.8718405;11
7.0004;0.8718494;11
7.0504;0.8730704;11
7.1004;0.8738725;11
7.1504;0.8758403;11
7.2004;0.8731281;11
7.2504;0.8752235;11
7.3004;0.8793526;11
7.3504;0.8716629;11
7.4004;0.8775173;11
7.4504;0.8739514;11
7.5005;0.8754582;11
7.5505;0.87344;11
7.6005;0.8740477;11
7.6505;0.8775902;11
7.7005;0.8767034;11
7.7505;0.8789155;11
7.8005;0.8746818;11
7.8505;0.8729314;11
7.9005;0.8777002;11
7.9505;0.8813652;11
8.0005;0.8731486;11
8.050501;0.8797233;11
8.1005;0.8776775;11
8.150499;0.878164;11
8.2005;0.8766065;11
8.2505;0.8835371;11
8.300501;0.8773198;11
8.3505;0.8810062;11
8.400499;0.8812205;11
8.4505;0.8787157;11
8.5005;0.8779715;11
8.550501;0.8772396;11
8.6005;0.8804203;11
8.650499;0.8818501;11
8.7005;0.8802278;11
8.7505;0.8799275;11
8.800501;0.8790576;11
8.8505;0.8767929;11
8.900499;0.8815929;11
8.9505;0.8770673;11
9.0005;0.8832301;11
9.050501;0.88182;11
9.1005;0.8752196;11
9.150499;0.8790559;11
9.2005;0.8813474;11
9.250601;0.8810586;11
9.3006;0.8787104;11
9.350599;0.881363;11
9.4006;0.8805047;11
9.4506;0.8797837;11
9.500601;0.8821073;11
9.5506;0.8830259;11
9.600599;0.8807066;11
9.6506;0.8807167;11
9.7006;0.8848525;11
9.750601;0.8820075;11
9.8006;0.8826389;11
9.850599;0.8795915;11
9.9006;0.8806996;11
9.9506;0.8787716;11
10.0006;0.882375;11
10.0006;0.882375;11
-4.9503;0.5829884;19
-4.9003;0.5863588;19
-4.8503;0.5838143;19
-4.8003;0.5832995;19
-4.7503;0.5833265;19
-4.7003;0.5839959;19
-4.6503;0.5850577;19
-4.6003;0.5850214;19
-4.5503;0.5832312;19
-4.5003;0.5822363;19
-4.4503;0.5836025;19
-4.4003;0.5853545;19
-4.3503;0.583172;19
-4.3003;0.5835254;19
-4.2503;0.5846512;19
-4.2003;0.5839876;19
-4.1503;0.5846896;19
-4.1003;0.5842728;19
-4.0503;0.582271;19
-4.0002;0.5822859;19
-3.9502;0.5844042;19
-3.9002;0.5834388;19
-3.8502;0.5857365;19
-3.8002;0.5830051;19
-3.7502;0.5837119;19
-3.7002;0.5828357;19
-3.6502;0.5837111;19
-3.6002;0.5822496;19
-3.5502;0.5826418;19
-3.5002;0.5827055;19
-3.4502;0.5836737;19
-3.4002;0.5828265;19
-3.3502;0.5856347;19
-3.3002;0.5838825;19
-3.2502;0.5830411;19
-3.2002;0.5827629;19
-3.1502;0.5847389;19
-3.1002;0.5836451;19
-3.0502;0.5850049;19
-3.0002;0.5840898;19
-2.9502;0.5834594;19
-2.9002;0.5844057;19
-2.8502;0.5851184;19
-2.8002;0.5842484;19
-2.7502;0.5848327;19
-2.7002;0.5814691;19
-2.6502;0.5831301;19
-2.6002;0.5839611;19
-2.5502;0.5839943;19
-2.5002;0.5850264;19
-2.4502;0.583616;19
-2.4002;0.5827718;19
-2.3502;0.585093;19
-2.3002;0.5845897;19
-2.2502;0.5848393;19
-2.2001;0.5846171;19
-2.1501;0.5827246;19
-2.1001;0.5836209;19
-2.0501;0.5829198;19
-2.0001;0.5836421;19
-1.9501;0.5837036;19
-1.9001;0.5854456;19
-1.8501;0.5852108;19
-1.8001;0.5812923;19
-1.7501;0.5834023;19
-1.7001;0.5835772;19
-1.6501;0.5832736;19
-1.6001;0.5834414;19
-1.5501;0.5831354;19
-1.5001;0.5828887;19
-1.4501;0.5833374;19
-1.4001;0.5849324;19
-1.3501;0.5838877;19
-1.3001;0.5837917;19
-1.2501;0.5835492;19
-1.2001;0.5822996;19
-1.1501;0.584932;19
-1.1001;0.5833976;19
-1.0501;0.5831471;19
-1.0001;0.5859423;19
-0.9500999;0.5842366;19
-0.9000998;0.5835765;19
-0.8501;0.5830743;19
-0.8000998;0.5836895;19
-0.7501001;0.5816837;19
-0.7000999;0.5860254;19
-0.6500998;0.5839165;19
-0.6001;0.5843634;19
-0.5500998;0.5850787;19
-0.5001001;0.5847695;19
-0.4500999;0.5841616;19
-0.4000001;0.5825278;19
-0.3499999;0.5825821;19
-0.2999997;0.582117;19
-0.25;0.5838271;19
-0.1999998;0.5842031;19
-0.1500001;0.5848979;19
-0.0999999;0.5840353;19
-0.04999971;0.5838544;19
0;0.5853869;19
0.05000019;0.5886475;19
0.0999999;0.593376;19
0.1500001;0.5951315;19
0.2000003;0.5999433;19
0.25;0.5985953;19
0.3000002;0.6033114;19
0.3499999;0.6027391;19
0.4000001;0.6037853;19
0.4500003;0.6046451;19
0.5;0.6041166;19
0.5500002;0.6054737;19
0.5999999;0.6091675;19
0.6500001;0.6075624;19
0.7000003;0.6096663;19
0.75;0.6077085;19
0.8000002;0.6089442;19
0.8499999;0.6111816;19
0.9000001;0.6100956;19
0.9500003;0.6121212;19
1;0.6121444;19
1.05;0.613558;19
1.1;0.6117814;19
1.15;0.6118761;19
1.2;0.6149417;19
1.25;0.61356;19
1.3;0.616353;19
1.35;0.6153585;19
1.4001;0.6169382;19
1.4501;0.6186803;19
1.5001;0.6164846;19
1.5501;0.6150182;19
1.6001;0.6179554;19
1.6501;0.6192267;19
1.7001;0.6179716;19
1.7501;0.6205342;19
1.8001;0.6190748;19
1.8501;0.6188715;19
1.9001;0.6209202;19
1.9501;0.6177987;19
2.0001;0.621029;19
2.0501;0.6219738;19
2.1001;0.6222575;19
2.1501;0.6218292;19
2.2001;0.6245862;19
2.2501;0.6215674;19
2.3001;0.6252019;19
2.3501;0.6227425;19
2.4001;0.6230055;19
2.4501;0.6233615;19
2.5001;0.6266578;19
2.5501;0.6277997;19
2.6001;0.6255757;19
2.6501;0.6248652;19
2.7001;0.6259911;19
2.7501;0.6283385;19
2.8001;0.6271047;19
2.8501;0.6279976;19
2.9001;0.6269082;19
2.9501;0.6269315;19
3.0001;0.6264974;19
3.0501;0.6264583;19
3.1001;0.6275975;19
3.1501;0.6260878;19
3.200201;0.6287231;19
3.2502;0.6281233;19
3.3002;0.6276318;19
3.3502;0.6293842;19
3.4002;0.6304944;19
3.450201;0.6296933;19
3.5002;0.6309003;19
3.5502;0.6329636;19
3.6002;0.627338;19
3.6502;0.6301224;19
3.700201;0.6306822;19
3.7502;0.6314448;19
3.8002;0.6303708;19
3.8502;0.632409;19
3.9002;0.6304566;19
3.950201;0.6338241;19
4.0002;0.6340977;19
4.0502;0.6311726;19
4.1002;0.631523;19
4.1502;0.6337808;19
4.200201;0.6347912;19
4.2502;0.6346798;19
4.3002;0.6338974;19
4.3502;0.6326414;19
4.4002;0.6358209;19
4.450201;0.6353294;19
4.5002;0.6342273;19
4.5502;0.6337962;19
4.6002;0.6341389;19
4.6502;0.6362001;19
4.700201;0.6374041;19
4.7502;0.6382304;19
4.8002;0.636461;19
4.8502;0.6356049;19
4.9002;0.6383147;19
4.9503;0.6374779;19
5.0003;0.6368904;19
5.0503;0.6373711;19
5.1003;0.6363506;19
5.150301;0.6345297;19
5.2003;0.6354886;19
5.2503;0.6374584;19
5.3003;0.6373298;19
5.3503;0.6400669;19
5.400301;0.639022;19
5.4503;0.6387892;19
5.5003;0.6402839;19
5.5503;0.6400566;19
5.6003;0.6407922;19
5.650301;0.641356;19
5.7003;0.6393758;19
5.7503;0.6388555;19
5.8003;0.6401137;19
5.8503;0.6398636;19
5.900301;0.6413572;19
5.9503;0.6413779;19
6.0003;0.6421041;19
6.0503;0.641027;19
6.1003;0.6420921;19
6.150301;0.6402009;19
6.2003;0.6401185;19
6.2503;0.638328;19
6.3003;0.642899;19
6.3503;0.6394408;19
6.400301;0.6443352;19
6.4503;0.6426263;19
6.5003;0.6415978;19
6.5503;0.6408605;19
6.6003;0.6419737;19
6.650301;0.641319;19
6.7003;0.6439939;19
6.7504;0.6421526;19
6.8004;0.6421567;19
6.8504;0.6442185;19
6.9004;0.6445081;19
6.9504;0.645633;19
7.0004;0.6457946;19
7.0504;0.6443893;19
7.1004;0.6443054;19
7.1504;0.6443834;19
7.2004;0.6436906;19
7.2504;0.6450498;19
7.3004;0.642538;19
7.3504;0.6441218;19
7.4004;0.6458277;19
7.4504;0.6462144;19
7.5004;0.6477544;19
7.5504;0.6442075;19
7.6004;0.6470865;19
7.6504;0.644996;19
7.7004;0.6444592;19
7.7504;0.6463071;19
7.8004;0.6436703;19
7.8504;0.6454629;19
7.9004;0.6473985;19
7.9504;0.6440762;19
8.000401;0.6446328;19
8.0504;0.6496368;19
8.100401;0.6444043;19
8.1504;0.6474423;19
8.200399;0.6445803;19
8.250401;0.6453101;19
8.3004;0.6487094;19
8.350401;0.645043;19
8.4004;0.6488643;19
8.450399;0.6479418;19
8.500401;0.6453363;19
8.550501;0.6490301;19
8.6005;0.648796;19
8.650499;0.6486504;19
8.7005;0.6498376;19
8.7505;0.6475939;19
8.800501;0.650356;19
8.8505;0.6473891;19
8.900499;0.6501001;19
8.9505;0.6454446;19
9.0005;0.6476339;19
9.050501;0.6503122;19
9.1005;0.6474965;19
9.150499;0.6486977;19
9.2005;0.6463734;19
9.2505;0.6514812;19
9.300501;0.649095;19
9.3505;0.6470374;19
9.400499;0.6491882;19
9.4505;0.6506901;19
9.5005;0.6509293;19
9.550501;0.6476008;19
9.6005;0.6487648;19
9.650499;0.6531923;19
9.7005;0.6524859;19
9.7505;0.6512033;19
9.800501;0.651799;19
9.8505;0.6499166;19
9.900499;0.6486058;19
9.9505;0.6498561;19
10.0005;0.6542187;19
10.0005;0.6542187;19
-4.9503;0.5354602;4
-4.9003;0.537883;4
-4.8503;0.5365006;4
-4.8003;0.535978;4
-4.7503;0.5362505;4
-4.7003;0.5359091;4
-4.6503;0.5371208;4
-4.6003;0.5390547;4
-4.5503;0.5341823;4
-4.5003;0.536204;4
-4.4503;0.5377034;4
-4.4003;0.5368438;4
-4.3503;0.5358047;4
-4.3003;0.5380383;4
-4.2503;0.5363781;4
-4.2003;0.5360399;4
-4.1502;0.5370246;4
-4.1002;0.5370427;4
-4.0502;0.5365455;4
-4.0002;0.5357649;4
-3.9502;0.5351537;4
-3.9002;0.534671;4
-3.8502;0.5376563;4
-3.8002;0.5359541;4
-3.7502;0.5366764;4
-3.7002;0.5369244;4
-3.6502;0.536361;4
-3.6002;0.5347312;4
-3.5502;0.5373659;4
-3.5002;0.5360814;4
-3.4502;0.5364249;4
-3.4002;0.5370235;4
-3.3502;0.5368072;4
-3.3002;0.5368928;4
-3.2502;0.5385758;4
-3.2002;0.5360075;4
-3.1502;0.5361764;4
-3.1002;0.5372238;4
-3.0502;0.5353291;4
-3.0002;0.5347339;4
-2.9502;0.5363867;4
-2.9002;0.5363942;4
-2.8502;0.5356428;4
-2.8002;0.5358767;4
-2.7502;0.5373526;4
-2.7002;0.5345642;4
-2.6502;0.5351666;4
-2.6002;0.5358055;4
-2.5502;0.5374258;4
-2.5002;0.5354642;4
-2.4502;0.5391778;4
-2.4002;0.538681;4
-2.3501;0.5346796;4
-2.3001;0.5360207;4
-2.2501;0.536365;4
-2.2001;0.5343433;4
-2.1501;0.5362768;4
-2.1001;0.5365176;4
-2.0501;0.5363179;4
-2.0001;0.5360371;4
-1.9501;0.536783;4
-1.9001;0.5334409;4
-1.8501;0.5361179;4
-1.8001;0.5377893;4
-1.7501;0.5337731;4
-1.7001;0.5349064;4
-1.6501;0.5379562;4
-1.6001;0.5376573;4
-1.5501;0.5384111;4
-1.5001;0.5362852;4
-1.4501;0.5360453;4
-1.4001;0.5370229;4
-1.3501;0.5385996;4
-1.3001;0.5368611;4
-1.2501;0.5354781;4
-1.2001;0.5367203;4
-1.1501;0.5354112;4
-1.1001;0.5368723;4
-1.0501;0.535386;4
-1.0001;0.5357837;4
-0.9500999;0.5361734;4
-0.9000998;0.5362404;4
-0.8501;0.5354113;4
-0.8000998;0.5351522;4
-0.7501001;0.5363066;4
-0.7000999;0.5381235;4
-0.6500998;0.5358914;4
-0.6001;0.5385335;4
-0.5499997;0.5368075;4
-0.5;0.5351475;4
-0.4499998;0.5375921;4
-0.4000001;0.5371537;4
-0.3499999;0.5357025;4
-0.2999997;0.5364299;4
-0.25;0.5334562;4
-0.1999998;0.5334511;4
-0.1500001;0.5352917;4
-0.0999999;0.535649;4
-0.04999971;0.5371671;4
0;0.5361699;4
0.05000019;0.5393398;4
0.0999999;0.543284;4
0.1500001;0.544539;4
0.2000003;0.5463945;4
0.25;0.5469246;4
0.3000002;0.5467376;4
0.3499999;0.5490497;4
0.4000001;0.5485474;4
0.4500003;0.5493605;4
0.5;0.5510173;4
0.5500002;0.5505682;4
0.5999999;0.5498245;4
0.6500001;0.5490059;4
0.7000003;0.550297;4
0.75;0.5527687;4
0.8000002;0.5536515;4
0.8499999;0.5506021;4
0.9000001;0.552871;4
0.9500003;0.5508983;4
1;0.5528303;4
1.05;0.5534363;4
1.1;0.5552402;4
1.15;0.5551291;4
1.2;0.5576354;4
1.2501;0.5562255;4
1.3001;0.5548491;4
1.3501;0.5558069;4
1.4001;0.5557066;4
1.4501;0.5561764;4
1.5001;0.5560222;4
1.5501;0.5559645;4
1.6001;0.5590202;4
1.6501;0.5567557;4
1.7001;0.5590019;4
1.7501;0.5565437;4
1.8001;0.5577487;4
1.8501;0.5592496;4
1.9001;0.5590206;4
1.9501;0.5592099;4
2.0001;0.5616898;4
2.0501;0.5599357;4
2.1001;0.5608962;4
2.1501;0.5598478;4
2.2001;0.5606486;4
2.2501;0.5619758;4
2.3001;0.5604207;4
2.3501;0.5615113;4
2.4001;0.5616434;4
2.4501;0.5602264;4
2.5001;0.5625797;4
2.5501;0.5632231;4
2.6001;0.5605274;4
2.6501;0.5635881;4
2.7001;0.5613759;4
2.7501;0.5628214;4
2.8001;0.5631455;4
2.8501;0.5624121;4
2.9001;0.5642192;4
2.9501;0.5641413;4
3.0001;0.5624474;4
3.0502;0.5615662;4
3.1002;0.5644924;4
3.1502;0.5634608;4
3.200201;0.566725;4
3.2502;0.5663145;4
3.3002;0.5645789;4
3.3502;0.567439;4
3.4002;0.5664956;4
3.450201;0.5648712;4
3.5002;0.5638653;4
3.5502;0.5650663;4
3.6002;0.5690243;4
3.6502;0.5683313;4
3.700201;0.5653225;4
3.7502;0.566725;4
3.8002;0.5672084;4
3.8502;0.5668872;4
3.9002;0.568292;4
3.950201;0.5683686;4
4.0002;0.5662711;4
4.0502;0.5690366;4
4.1002;0.570013;4
4.1502;0.5691594;4
4.200201;0.5678478;4
4.2502;0.5688516;4
4.3002;0.5689449;4
4.3502;0.5687846;4
4.4002;0.5672503;4
4.450201;0.5711031;4
4.5002;0.5682879;4
4.5502;0.5705524;4
4.6002;0.5696576;4
4.6502;0.570886;4
4.700201;0.5694072;4
4.7502;0.5696383;4
4.8002;0.5681957;4
4.8503;0.5728374;4
4.900301;0.5704069;4
4.9503;0.5720685;4
5.0003;0.5705658;4
5.0503;0.5697255;4
5.1003;0.5718063;4
5.150301;0.5723423;4
5.2003;0.5723914;4
5.2503;0.5718229;4
5.3003;0.5710927;4
5.3503;0.5719293;4
5.400301;0.5733814;4
5.4503;0.5710543;4
5.5003;0.5747904;4
5.5503;0.5724694;4
5.6003;0.5739928;4
5.650301;0.570764;4
5.7003;0.5733455;4
5.7503;0.5750131;4
5.8003;0.5734676;4
5.8503;0.5736979;4
5.900301;0.5738254;4
5.9503;0.5739284;4
6.0003;0.5752003;4
6.0503;0.573965;4
6.1003;0.5730589;4
6.150301;0.5725083;4
6.2003;0.5738178;4
6.2503;0.5736597;4
6.3003;0.5745429;4
6.3503;0.5746593;4
6.400301;0.5733074;4
6.4503;0.5739039;4
6.5003;0.5763335;4
6.5503;0.5750813;4
6.6003;0.5745338;4
6.6504;0.5742633;4
6.7004;0.5765921;4
6.7504;0.5755534;4
6.8004;0.5755162;4
6.8504;0.5784363;4
6.9004;0.5736207;4
6.9504;0.5740268;4
7.0004;0.5753061;4
7.0504;0.5751365;4
7.1004;0.5766426;4
7.1504;0.5771002;4
7.2004;0.5780177;4
7.2504;0.5759879;4
7.3004;0.5761469;4
7.3504;0.5763035;4
7.4004;0.5756721;4
7.4504;0.5798123;4
7.5004;0.5783533;4
7.5504;0.5782243;4
7.6004;0.5807007;4
7.6504;0.5767315;4
7.7004;0.5758116;4
7.7504;0.5780838;4
7.8004;0.5782298;4
7.8504;0.5792512;4
7.9004;0.5770077;4
7.9504;0.5812245;4
8.000401;0.5816974;4
8.0504;0.5762633;4
8.100401;0.5799086;4
8.1504;0.5786285;4
8.200399;0.5763062;4
8.250401;0.5781623;4
8.3004;0.5786759;4
8.350401;0.5811253;4
8.400499;0.5775921;4
8.4505;0.5822882;4
8.5005;0.5794746;4
8.550501;0.5822865;4
8.6005;0.5780675;4
8.650499;0.58048;4
8.7005;0.5796405;4
8.7505;0.5790778;4
8.800501;0.581202;4
8.8505;0.5813156;4
8.900499;0.5820984;4
8.9505;0.5833697;4
9.0005;0.5816389;4
9.050501;0.5800769;4
9.1005;0.5808694;4
9.150499;0.5806695;4
9.2005;0.5810665;4
9.2505;0.5817339;4
9.300501;0.5843661;4
9.3505;0.5787361;4
9.400499;0.5837213;4
9.4505;0.5828677;4
9.5005;0.5826411;4
9.550501;0.5826752;4
9.6005;0.5824107;4
9.650499;0.5819883;4
9.7005;0.581377;4
9.7505;0.5840234;4
9.800501;0.5821117;4
9.8505;0.5832426;4
9.900499;0.5830797;4
9.9505;0.583217;4
10.0005;0.5821604;4
10.0005;0.5821604;4
-4.9503;0.8505721;12
-4.9003;0.8542354;12
-4.8502;0.8500939;12
-4.8002;0.8513325;12
-4.7502;0.8527282;12
-4.7002;0.8548739;12
-4.6502;0.8527652;12
-4.6002;0.8494176;12
-4.5502;0.8504028;12
-4.5002;0.853043;12
-4.4502;0.8491334;12
-4.4002;0.8499866;12
-4.3502;0.8532971;12
-4.3002;0.8536602;12
-4.2502;0.8502575;12
-4.2002;0.8511444;12
-4.1502;0.8524866;12
-4.1002;0.8514649;12
-4.0502;0.8510409;12
-4.0002;0.8501129;12
-3.9502;0.8513188;12
-3.9002;0.8515728;12
-3.8502;0.8544184;12
-3.8002;0.8535548;12
-3.7502;0.8519816;12
-3.7002;0.8537548;12
-3.6502;0.8482145;12
-3.6002;0.8515881;12
-3.5502;0.8500159;12
-3.5002;0.8538712;12
-3.4502;0.850648;12
-3.4002;0.8534988;12
-3.3502;0.8512703;12
-3.3002;0.8517574;12
-3.2502;0.8500996;12
-3.2002;0.8505364;12
-3.1502;0.8470151;12
-3.1002;0.8517972;12
-3.0501;0.8495797;12
-3.0001;0.8539276;12
-2.9501;0.8504879;12
-2.9001;0.8478042;12
-2.8501;0.8489758;12
-2.8001;0.8535157;12
-2.7501;0.8528242;12
-2.7001;0.8525416;12
-2.6501;0.8498382;12
-2.6001;0.8548638;12
-2.5501;0.8536301;12
-2.5001;0.8479574;12
-2.4501;0.850551;12
-2.4001;0.8515481;12
-2.3501;0.8497254;12
-2.3001;0.8528911;12
-2.2501;0.8492047;12
-2.2001;0.8521319;12
-2.1501;0.853334;12
-2.1001;0.850861;12
-2.0501;0.8509641;12
-2.0001;0.8534649;12
-1.9501;0.8510576;12
-1.9001;0.8502741;12
-1.8501;0.850559;12
-1.8001;0.8511614;12
-1.7501;0.8510065;12
-1.7001;0.8509315;12
-1.6501;0.8501681;12
-1.6001;0.8520536;12
-1.5501;0.8541665;12
-1.5001;0.8520027;12
-1.4501;0.8506626;12
-1.4001;0.8495522;12
-1.3501;0.8551196;12
-1.3001;0.8547279;12
-1.25;0.8503591;12
-1.2;0.8510261;12
-1.15;0.8508675;12
-1.1;0.8528411;12
-1.05;0.8499814;12
-1;0.8515134;12
-0.9499998;0.8502816;12
-0.9000001;0.8507013;12
-0.8499999;0.8503541;12
-0.7999997;0.8491943;12
-0.75;0.8508805;12
-0.6999998;0.8490266;12
-0.6500001;0.84927;12
-0.5999999;0.849044;12
-0.5499997;0.8493198;12
-0.5;0.852783;12
-0.4499998;0.8537657;12
-0.4000001;0.8517273;12
-0.3499999;0.8523343;12
-0.2999997;0.8529784;12
-0.25;0.8476142;12
-0.1999998;0.8521592;12
-0.1500001;0.8500164;12
-0.0999999;0.8510842;12
-0.04999971;0.8486186;12
0;0.8499254;12
0.05000019;0.8537714;12
0.0999999;0.8575903;12
0.1500001;0.8599272;12
0.2000003;0.8660442;12
0.25;0.8620625;12
0.3000002;0.8645007;12
0.3499999;0.8677731;12
0.4000001;0.8645242;12
0.4500003;0.8703128;12
0.5;0.8682909;12
0.5500998;0.871242;12
0.6001;0.8731363;12
0.6501002;0.8739296;12
0.7000999;0.8709279;12
0.7501001;0.8781025;12
0.8000998;0.8746957;12
0.8501;0.8725208;12
0.9001002;0.8774219;12
0.9500999;0.8723188;12
1.0001;0.8770715;12
1.0501;0.87593;12
1.1001;0.8740144;12
1.1501;0.8744165;12
1.2001;0.8755385;12
1.2501;0.8783979;12
1.3001;0.8807452;12
1.3501;0.8790032;12
1.4001;0.8808686;12
1.4501;0.8783801;12
1.5001;0.8775889;12
1.5501;0.8816478;12
1.6001;0.8815949;12
1.6501;0.8788295;12
1.7001;0.8821332;12
1.7501;0.8846967;12
1.8001;0.8804025;12
1.8501;0.8818309;12
1.9001;0.883789;12
1.9501;0.8848741;12
2.0001;0.8828091;12
2.0501;0.881291;12
2.1001;0.8850532;12
2.1501;0.8853043;12
2.2001;0.8890142;12
2.2501;0.8877257;12
2.3001;0.8867936;12
2.3502;0.89007;12
2.4002;0.889392;12
2.4502;0.8885956;12
2.5002;0.8879826;12
2.5502;0.8887724;12
2.6002;0.8884485;12
2.6502;0.88934;12
2.7002;0.8876742;12
2.7502;0.8895728;12
2.8002;0.8897106;12
2.8502;0.8883365;12
2.9002;0.891228;12
2.9502;0.888311;12
3.0002;0.8935476;12
3.0502;0.8907941;12
3.1002;0.8904417;12
3.1502;0.8913099;12
3.200201;0.8900953;12
3.2502;0.8898521;12
3.3002;0.8949972;12
3.3502;0.8921731;12
3.4002;0.8913769;12
3.450201;0.8967413;12
3.5002;0.8930925;12
3.5502;0.8914926;12
3.6002;0.8968207;12
3.6502;0.8946512;12
3.700201;0.8964336;12
3.7502;0.8930724;12
3.8002;0.8973491;12
3.8502;0.8984525;12
3.9002;0.8952864;12
3.950201;0.8967181;12
4.0002;0.8969579;12
4.0502;0.8984817;12
4.1002;0.898566;12
4.150301;0.8970667;12
4.2003;0.8988794;12
4.2503;0.8961487;12
4.3003;0.8956776;12
4.3503;0.9003779;12
4.400301;0.8984914;12
4.4503;0.8996226;12
4.5003;0.897195;12
4.5503;0.8994387;12
4.6003;0.9034124;12
4.650301;0.8984885;12
4.7003;0.8993222;12
4.7503;0.8964788;12
4.8003;0.9014446;12
4.8503;0.8987419;12
4.900301;0.9005488;12
4.9503;0.9031944;12
5.0003;0.9001203;12
5.0503;0.9007743;12
5.1003;0.9042406;12
5.150301;0.9015854;12
5.2003;0.9014354;12
5.2503;0.9030206;12
5.3003;0.8986684;12
5.3503;0.9043304;12
5.400301;0.9030035;12
5.4503;0.9036157;12
5.5003;0.9056705;12
5.5503;0.9016728;12
5.6003;0.9040515;12
5.650301;0.9014595;12
5.7003;0.9013293;12
5.7503;0.9044311;12
5.8003;0.9009372;12
5.8503;0.9044312;12
5.900301;0.9037362;12
5.9504;0.8997007;12
6.0004;0.9038329;12
6.0504;0.908274;12
6.1004;0.9079805;12
6.1504;0.8992608;12
6.2004;0.9046295;12
6.2504;0.9069368;12
6.3004;0.9046101;12
6.3504;0.9062555;12
6.4004;0.9078217;12
6.4504;0.9009004;12
6.5004;0.9041476;12
6.5504;0.9086912;12
6.6004;0.9044814;12
6.6504;0.9077072;12
6.7004;0.9034536;12
6.7504;0.9088732;12
6.8004;0.9045849;12
6.8504;0.9071284;12
6.9004;0.9075569;12
6.9504;0.9053748;12
7.0004;0.9085569;12
7.0504;0.9083718;12
7.1004;0.9080012;12
7.1504;0.9084479;12
7.2004;0.9112795;12
7.2504;0.9063652;12
7.3004;0.9096812;12
7.3504;0.9092341;12
7.4004;0.9071133;12
7.4504;0.9130723;12
7.5004;0.9090692;12
7.5504;0.9100979;12
7.6004;0.9101291;12
7.6504;0.906732;12
7.7005;0.9105847;12
7.7505;0.9105155;12
7.8005;0.9048285;12
7.8505;0.907387;12
7.9005;0.9123369;12
7.9505;0.911474;12
8.0005;0.9124893;12
8.050501;0.9103883;12
8.1005;0.9124268;12
8.150499;0.9079127;12
8.2005;0.9090254;12
8.2505;0.9073212;12
8.300501;0.914109;12
8.3505;0.9118415;12
8.400499;0.9122068;12
8.4505;0.9116956;12
8.5005;0.9095342;12
8.550501;0.9125416;12
8.6005;0.9137075;12
8.650499;0.9105929;12
8.7005;0.9126561;12
8.7505;0.907436;12
8.800501;0.9107574;12
8.8505;0.915066;12
8.900499;0.9126823;12
8.9505;0.916519;12
9.0005;0.9123834;12
9.050501;0.9110143;12
9.1005;0.9087905;12
9.150499;0.916158;12
9.2005;0.9126367;12
9.2505;0.9121939;12
9.300501;0.9085602;12
9.3505;0.9137453;12
9.400499;0.912756;12
9.4505;0.9107648;12
9.500601;0.9122662;12
9.5506;0.9095829;12
9.600599;0.9106038;12
9.6506;0.9122765;12
9.7006;0.9123726;12
9.750601;0.9164215;12
9.8006;0.9125221;12
9.850599;0.912932;12
9.9006;0.9102005;12
9.9506;0.9131393;12
10.0006;0.9137362;12
10.0006;0.9137362;12
-4.9503;0.6159304;20
-4.9003;0.6156663;20
-4.8503;0.6147901;20
-4.8003;0.615158;20
-4.7503;0.6160039;20
-4.7003;0.617485;20
-4.6503;0.6143915;20
-4.6003;0.616029;20
-4.5503;0.6163192;20
-4.5003;0.6151791;20
-4.4503;0.6163794;20
-4.4003;0.6170036;20
-4.3503;0.616465;20
-4.3003;0.6164833;20
-4.2503;0.6155365;20
-4.2003;0.6146017;20
-4.1503;0.6134796;20
-4.1003;0.6165943;20
-4.0503;0.6159828;20
-4.0003;0.6151018;20
-3.9503;0.6160758;20
-3.9003;0.6152388;20
-3.8503;0.6166467;20
-3.8003;0.6180063;20
-3.7502;0.6138109;20
-3.7002;0.6149417;20
-3.6502;0.6160879;20
-3.6002;0.6158586;20
-3.5502;0.617501;20
-3.5002;0.615388;20
-3.4502;0.6151987;20
-3.4002;0.6174277;20
-3.3502;0.6146342;20
-3.3002;0.6173267;20
-3.2502;0.6162128;20
-3.2002;0.616064;20
-3.1502;0.6142613;20
-3.1002;0.6150132;20
-3.0502;0.6129072;20
-3.0002;0.6153101;20
-2.9502;0.6163764;20
-2.9002;0.61698;20
-2.8502;0.6177831;20
-2.8002;0.6153051;20
-2.7502;0.6157731;20
-2.7002;0.6161802;20
-2.6502;0.61452;20
-2.6002;0.6146937;20
-2.5502;0.615196;20
-2.5002;0.6159653;20
-2.4502;0.6143631;20
-2.4002;0.6173859;20
-2.3502;0.615627;20
-2.3002;0.6178386;20
-2.2502;0.6155035;20
-2.2002;0.6188483;20
-2.1502;0.6185318;20
-2.1002;0.6171224;20
-2.0502;0.6161164;20
-2.0002;0.6164297;20
-1.9501;0.6165357;20
-1.9001;0.6167608;20
-1.8501;0.6160374;20
-1.8001;0.6155944;20
-1.7501;0.6162202;20
-1.7001;0.6163955;20
-1.6501;0.6156189;20
-1.6001;0.6157776;20
-1.5501;0.6155034;20
-1.5001;0.6181043;20
-1.4501;0.6158091;20
-1.4001;0.6161254;20
-1.3501;0.6145201;20
-1.3001;0.6170377;20
-1.2501;0.6154546;20
-1.2001;0.6163285;20
-1.1501;0.6144497;20
-1.1001;0.6170639;20
-1.0501;0.6146972;20
-1.0001;0.6135587;20
-0.9500999;0.6167313;20
-0.9000998;0.6156486;20
-0.8501;0.6193601;20
-0.8000998;0.6159945;20
-0.7501001;0.6158077;20
-0.7000999;0.6163802;20
-0.6500998;0.6173069;20
-0.6001;0.6168383;20
-0.5500998;0.6164677;20
-0.5001001;0.6145288;20
-0.4500999;0.6171823;20
-0.4000998;0.6163878;20
-0.3501;0.6160061;20
-0.3000998;0.6178921;20
-0.2501001;0.6161687;20
-0.2000999;0.6183215;20
-0.1500001;0.6174594;20
-0.0999999;0.6163211;20
-0.04999971;0.6162786;20
0;0.6186166;20
0.05000019;0.6198613;20
0.0999999;0.6256385;20
0.1500001;0.6293618;20
0.2000003;0.6310778;20
0.25;0.6291646;20
0.3000002;0.6354811;20
0.3499999;0.6340493;20
0.4000001;0.6338214;20
0.4500003;0.6363819;20
0.5;0.6362191;20
0.5500002;0.6363804;20
0.5999999;0.6387682;20
0.6500001;0.6401881;20
0.7000003;0.6397752;20
0.75;0.6411452;20
0.8000002;0.6391505;20
0.8499999;0.6423345;20
0.9000001;0.6411442;20
0.9500003;0.6437231;20
1;0.645174;20
1.05;0.6459734;20
1.1;0.6427916;20
1.15;0.6449296;20
1.2;0.6451488;20
1.25;0.6480224;20
1.3;0.6469201;20
1.35;0.6448783;20
1.4;0.6489499;20
1.45;0.6481718;20
1.5;0.6476797;20
1.55;0.650769;20
1.6;0.6482738;20
1.6501;0.6504574;20
1.7001;0.6511759;20
1.7501;0.6508522;20
1.8001;0.6512929;20
1.8501;0.649687;20
1.9001;0.6524296;20
1.9501;0.6544806;20
2.0001;0.6538749;20
2.0501;0.6530338;20
2.1001;0.6527959;20
2.1501;0.6552903;20
2.2001;0.6524553;20
2.2501;0.6550847;20
2.3001;0.6549356;20
2.3501;0.6550711;20
2.4001;0.6579849;20
2.4501;0.6534554;20
2.5001;0.6579247;20
2.5501;0.6560559;20
2.6001;0.6597091;20
2.6501;0.6560479;20
2.7001;0.657051;20
2.7501;0.6587484;20
2.8001;0.6595016;20
2.8501;0.6591449;20
2.9001;0.6612734;20
2.9501;0.6587499;20
3.0001;0.6559034;20
3.0501;0.6583448;20
3.1001;0.6586753;20
3.1501;0.6629254;20
3.2001;0.6593285;20
3.2501;0.6608772;20
3.3001;0.6583572;20
3.3501;0.6604199;20
3.4001;0.6596252;20
3.450201;0.66273;20
3.5002;0.661921;20
3.5502;0.6599311;20
3.6002;0.6612963;20
3.6502;0.6620319;20
3.700201;0.6617941;20
3.7502;0.6631259;20
3.8002;0.6626688;20
3.8502;0.6614309;20
3.9002;0.6625766;20
3.950201;0.6645986;20
4.0002;0.6645678;20
4.0502;0.6632974;20
4.1002;0.6625834;20
4.1502;0.6651268;20
4.200201;0.6626292;20
4.2502;0.66679;20
4.3002;0.6643689;20
4.3502;0.6660296;20
4.4002;0.6660782;20
4.450201;0.6649085;20
4.5002;0.662673;20
4.5502;0.6661773;20
4.6002;0.6695044;20
4.6502;0.6649237;20
4.700201;0.6685797;20
4.7502;0.6683531;20
4.8002;0.6664228;20
4.8502;0.6685464;20
4.9002;0.6689758;20
4.950201;0.6685243;20
5.0002;0.6669899;20
5.0502;0.6666002;20
5.1002;0.6715228;20
5.1502;0.6674335;20
5.2003;0.6683137;20
5.2503;0.6684517;20
5.3003;0.6689395;20
5.3503;0.6711121;20
5.400301;0.6692977;20
5.4503;0.6697523;20
5.5003;0.6692985;20
5.5503;0.6728485;20
5.6003;0.6696153;20
5.650301;0.6665959;20
5.7003;0.6706724;20
5.7503;0.6695271;20
5.8003;0.669054;20
5.8503;0.6706569;20
5.900301;0.6729977;20
5.9503;0.6732129;20
6.0003;0.672496;20
6.0503;0.67085;20
6.1003;0.6708885;20
6.150301;0.6742886;20
6.2003;0.6739447;20
6.2503;0.6733596;20
6.3003;0.671319;20
6.3503;0.6727575;20
6.400301;0.6720459;20
6.4503;0.6719964;20
6.5003;0.6753855;20
6.5503;0.671444;20
6.6003;0.6733281;20
6.650301;0.6736064;20
6.7003;0.6728129;20
6.7503;0.6730309;20
6.8003;0.6749821;20
6.8503;0.6762489;20
6.900301;0.6749645;20
6.9503;0.675212;20
7.0004;0.675499;20
7.0504;0.6723143;20
7.1004;0.6746022;20
7.1504;0.6748075;20
7.2004;0.6768656;20
7.2504;0.6774078;20
7.3004;0.673957;20
7.3504;0.6740889;20
7.4004;0.6783969;20
7.4504;0.6739223;20
7.5004;0.6745161;20
7.5504;0.6749414;20
7.6004;0.6766896;20
7.6504;0.6788701;20
7.7004;0.6786166;20
7.7504;0.6766154;20
7.8004;0.676253;20
7.8504;0.6776683;20
7.9004;0.6787502;20
7.9504;0.6782597;20
8.000401;0.6770118;20
8.0504;0.6748837;20
8.100401;0.6782395;20
8.1504;0.6792999;20
8.200399;0.6784761;20
8.250401;0.6772068;20
8.3004;0.6784148;20
8.350401;0.6774057;20
8.4004;0.6776158;20
8.450399;0.677312;20
8.500401;0.6770066;20
8.5504;0.6791291;20
8.600401;0.6797873;20
8.6504;0.6784228;20
8.700399;0.6816308;20
8.750401;0.6785374;20
8.800501;0.6800843;20
8.8505;0.6770362;20
8.900499;0.6775365;20
8.9505;0.6790422;20
9.0005;0.6803592;20
9.050501;0.6817041;20
9.1005;0.6816676;20
9.150499;0.6808459;20
9.2005;0.6799174;20
9.2505;0.6821865;20
9.300501;0.6824647;20
9.3505;0.6813653;20
9.400499;0.6782644;20
9.4505;0.68236;20
9.5005;0.678921;20
9.550501;0.6808621;20
9.6005;0.6798262;20
9.650499;0.6817048;20
9.7005;0.6809208;20
9.7505;0.6783783;20
9.800501;0.6811074;20
9.8505;0.6798651;20
9.900499;0.6789497;20
9.9505;0.6787133;20
10.0005;0.6826574;20
10.0005;0.6826574;20
-4.9503;0.713403;5
-4.9003;0.7111944;5
-4.8503;0.7125241;5
-4.8003;0.7186335;5
-4.7503;0.7087803;5
-4.7003;0.7081702;5
-4.6503;0.7093943;5
-4.6003;0.7110147;5
-4.5503;0.7115539;5
-4.5003;0.7173054;5
-4.4503;0.7154071;5
-4.4003;0.7107834;5
-4.3503;0.7113732;5
-4.3003;0.7118863;5
-4.2503;0.7087448;5
-4.2003;0.7071977;5
-4.1503;0.7128859;5
-4.1003;0.7120458;5
-4.0503;0.7125985;5
-4.0003;0.7077637;5
-3.9503;0.7103352;5
-3.9002;0.7166333;5
-3.8502;0.7165123;5
-3.8002;0.7171717;5
-3.7502;0.710417;5
-3.7002;0.7099757;5
-3.6502;0.7124119;5
-3.6002;0.7099852;5
-3.5502;0.7158467;5
-3.5002;0.7145737;5
-3.4502;0.7146686;5
-3.4002;0.7105874;5
-3.3502;0.713816;5
-3.3002;0.7167639;5
-3.2502;0.7093139;5
-3.2002;0.7147691;5
-3.1502;0.7105348;5
-3.1002;0.7130158;5
-3.0502;0.7102663;5
-3.0002;0.7140195;5
-2.9502;0.7121971;5
-2.9002;0.7171968;5
-2.8502;0.7113135;5
-2.8002;0.7088042;5
-2.7502;0.7145332;5
-2.7002;0.7136327;5
-2.6502;0.713393;5
-2.6002;0.7129235;5
-2.5502;0.7100849;5
-2.5002;0.711247;5
-2.4502;0.7113327;5
-2.4002;0.7083871;5
-2.3502;0.7134768;5
-2.3002;0.7088778;5
-2.2502;0.7115953;5
-2.2002;0.7159289;5
-2.1502;0.7139231;5
-2.1001;0.7134255;5
-2.0501;0.7156185;5
-2.0001;0.7129949;5
-1.9501;0.7138162;5
-1.9001;0.7104372;5
-1.8501;0.7092111;5
-1.8001;0.7106977;5
-1.7501;0.7113681;5
-1.7001;0.7112328;5
-1.6501;0.7119023;5
-1.6001;0.7125007;5
-1.5501;0.7149159;5
-1.5001;0.7087363;5
-1.4501;0.7180627;5
-1.4001;0.7164085;5
-1.3501;0.7203879;5
-1.3001;0.7131533;5
-1.2501;0.7118516;5
-1.2001;0.7076538;5
-1.1501;0.7134498;5
-1.1001;0.7150053;5
-1.0501;0.7138101;5
-1.0001;0.7164745;5
-0.9500999;0.7142924;5
-0.9000998;0.7152399;5
-0.8501;0.7123697;5
-0.8000998;0.7114885;5
-0.7501001;0.7142755;5
-0.7000999;0.7113721;5
-0.6500998;0.7099999;5
-0.6001;0.7121685;5
-0.5500998;0.7166982;5
-0.5001001;0.7147574;5
-0.4500999;0.7092107;5
-0.4000998;0.7155604;5
-0.3501;0.7110404;5
-0.2999997;0.71614;5
-0.25;0.7127525;5
-0.1999998;0.711024;5
-0.1500001;0.7134331;5
-0.0999999;0.711113;5
-0.04999971;0.7126802;5
0;0.7127922;5
0.05000019;0.7114758;5
0.0999999;0.7151886;5
0.1500001;0.7160144;5
0.2000003;0.7117289;5
0.25;0.7153873;5
0.3000002;0.7138175;5
0.3499999;0.7132932;5
0.4000001;0.7129374;5
0.4500003;0.714604;5
0.5;0.7128342;5
0.5500002;0.7166649;5
0.5999999;0.7124881;5
0.6500001;0.7193258;5
0.7000003;0.7135128;5
0.75;0.7141886;5
0.8000002;0.7146895;5
0.8499999;0.7080479;5
0.9000001;0.7123277;5
0.9500003;0.714148;5
1;0.705066;5
1.05;0.7173707;5
1.1;0.7167247;5
1.15;0.7106413;5
1.2;0.7190225;5
1.25;0.7140796;5
1.3;0.7109542;5
1.35;0.7114439;5
1.4;0.7168089;5
1.45;0.7146505;5
1.5001;0.7135561;5
1.5501;0.7182075;5
1.6001;0.7121959;5
1.6501;0.7205336;5
1.7001;0.7147539;5
1.7501;0.713002;5
1.8001;0.7141179;5
1.8501;0.7167709;5
1.9001;0.71751;5
1.9501;0.717117;5
2.0001;0.7127447;5
2.0501;0.7154752;5
2.1001;0.7132399;5
2.1501;0.7128572;5
2.2001;0.7151253;5
2.2501;0.7250777;5
2.3001;0.7134318;5
2.3501;0.7130778;5
2.4001;0.7191594;5
2.4501;0.7124308;5
2.5001;0.7157231;5
2.5501;0.7159008;5
2.6001;0.7189411;5
2.6501;0.7173204;5
2.7001;0.7177255;5
2.7501;0.7151323;5
2.8001;0.7154874;5
2.8501;0.7164811;5
2.9001;0.7147142;5
2.9501;0.7185829;5
3.0001;0.7164418;5
3.0501;0.71176;5
3.1001;0.7167058;5
3.1501;0.717187;5
3.2001;0.7211565;5
3.2502;0.7173719;5
3.3002;0.7152596;5
3.3502;0.7247524;5
3.4002;0.7170545;5
3.450201;0.7198704;5
3.5002;0.7162957;5
3.5502;0.7188453;5
3.6002;0.7170951;5
3.6502;0.7175965;5
3.700201;0.7196524;5
3.7502;0.7129701;5
3.8002;0.714835;5
3.8502;0.7121531;5
3.9002;0.7192311;5
3.950201;0.7223359;5
4.0002;0.7149913;5
4.0502;0.7198139;5
4.1002;0.7145481;5
4.1502;0.7175319;5
4.200201;0.7167449;5
4.2502;0.715645;5
4.3002;0.7152923;5
4.3502;0.7164344;5
4.4002;0.7177002;5
4.450201;0.7161927;5
4.5002;0.7220249;5
4.5502;0.71663;5
4.6002;0.7134889;5
4.6502;0.7209255;5
4.700201;0.718985;5
4.7502;0.7184886;5
4.8002;0.7137153;5
4.8502;0.7135041;5
4.9002;0.7134288;5
4.950201;0.7164413;5
5.0002;0.7138416;5
5.0503;0.7172325;5
5.1003;0.7249002;5
5.150301;0.7229547;5
5.2003;0.7183838;5
5.2503;0.7161715;5
5.3003;0.7185524;5
5.3503;0.7163008;5
5.400301;0.7151078;5
5.4503;0.7224131;5
5.5003;0.7136104;5
5.5503;0.717235;5
5.6003;0.7218442;5
5.650301;0.7180105;5
5.7003;0.7186046;5
5.7503;0.7183557;5
5.8003;0.7180323;5
5.8503;0.7143711;5
5.900301;0.7163684;5
5.9503;0.7143617;5
6.0003;0.7141098;5
6.0503;0.7144336;5
6.1003;0.7170628;5
6.150301;0.719429;5
6.2003;0.7133111;5
6.2503;0.7177348;5
6.3003;0.716726;5
6.3503;0.7193575;5
6.400301;0.7158368;5
6.4503;0.7150007;5
6.5003;0.7215054;5
6.5503;0.7160665;5
6.6003;0.7144691;5
6.650301;0.7160525;5
6.7003;0.7179912;5
6.7503;0.720996;5
6.8003;0.7192275;5
6.8504;0.7215096;5
6.9004;0.723745;5
6.9504;0.7190535;5
7.0004;0.7164893;5
7.0504;0.7162513;5
7.1004;0.7150102;5
7.1504;0.7189895;5
7.2004;0.7146375;5
7.2504;0.7131561;5
7.3004;0.7238302;5
7.3504;0.7157546;5
7.4004;0.7200834;5
7.4504;0.7149183;5
7.5004;0.7157713;5
7.5504;0.7149886;5
7.6004;0.7203837;5
7.6504;0.7223244;5
7.7004;0.7161449;5
7.7504;0.7139754;5
7.8004;0.7110779;5
7.8504;0.7137232;5
7.9004;0.7183169;5
7.9504;0.711462;5
8.000401;0.7160113;5
8.0504;0.7191485;5
8.100401;0.7251899;5
8.1504;0.7211881;5
8.200399;0.7172353;5
8.250401;0.7232066;5
8.3004;0.721953;5
8.350401;0.7165263;5
8.4004;0.7140819;5
8.450399;0.7171812;5
8.500401;0.7163652;5
8.5504;0.7167687;5
8.600401;0.7164398;5
8.650499;0.7203709;5
8.7005;0.7176204;5
8.7505;0.7146221;5
8.800501;0.7250853;5
8.8505;0.7156832;5
8.900499;0.7102968;5
8.9505;0.7159398;5
9.0005;0.7204927;5
9.050501;0.7181686;5
9.1005;0.7145863;5
9.150499;0.7177926;5
9.2005;0.7184371;5
9.2505;0.7165486;5
9.300501;0.7189437;5
9.3505;0.7136087;5
9.400499;0.7181599;5
9.4505;0.7228964;5
9.5005;0.7177652;5
9.550501;0.7168831;5
9.6005;0.7147035;5
9.650499;0.7184338;5
9.7005;0.7169403;5
9.7505;0.7196374;5
9.800501;0.7189457;5
9.8505;0.7178897;5
9.900499;0.7207582;5
9.9505;0.7133948;5
10.0005;0.7181737;5
10.0005;0.7181737;5
-4.9503;1.018201;13
-4.9003;1.026239;13
-4.8503;1.027167;13
-4.8003;1.020113;13
-4.7503;1.020368;13
-4.7003;1.025689;13
-4.6503;1.028029;13
-4.6003;1.02035;13
-4.5503;1.022331;13
-4.5003;1.019732;13
-4.4502;1.023693;13
-4.4002;1.023714;13
-4.3502;1.022777;13
-4.3002;1.019345;13
-4.2502;1.023805;13
-4.2002;1.027207;13
-4.1502;1.023189;13
-4.1002;1.016731;13
-4.0502;1.023183;13
-4.0002;1.019638;13
-3.9502;1.021229;13
-3.9002;1.024297;13
-3.8502;1.027279;13
-3.8002;1.021492;13
-3.7502;1.019504;13
-3.7002;1.026012;13
-3.6502;1.025336;13
-3.6002;1.020975;13
-3.5502;1.021928;13
-3.5002;1.020954;13
-3.4502;1.022787;13
-3.4002;1.018226;13
-3.3502;1.022459;13
-3.3002;1.028257;13
-3.2502;1.023509;13
-3.2002;1.023091;13
-3.1502;1.019113;13
-3.1002;1.018027;13
-3.0502;1.024242;13
-3.0002;1.023229;13
-2.9502;1.021145;13
-2.9002;1.025015;13
-2.8502;1.020646;13
-2.8002;1.025143;13
-2.7502;1.024482;13
-2.7002;1.026946;13
-2.6501;1.02136;13
-2.6001;1.019888;13
-2.5501;1.020108;13
-2.5001;1.017423;13
-2.4501;1.030824;13
-2.4001;1.023383;13
-2.3501;1.023494;13
-2.3001;1.025199;13
-2.2501;1.019619;13
-2.2001;1.018421;13
-2.1501;1.028764;13
-2.1001;1.018072;13
-2.0501;1.021712;13
-2.0001;1.022583;13
-1.9501;1.0218;13
-1.9001;1.023576;13
-1.8501;1.02364;13
-1.8001;1.020365;13
-1.7501;1.024434;13
-1.7001;1.019649;13
-1.6501;1.022423;13
-1.6001;1.012679;13
-1.5501;1.024323;13
-1.5001;1.027577;13
-1.4501;1.028693;13
-1.4001;1.021236;13
-1.3501;1.020904;13
-1.3001;1.016993;13
-1.2501;1.025148;13
-1.2001;1.025853;13
-1.1501;1.021327;13
-1.1001;1.014083;13
-1.0501;1.021936;13
-1.0001;1.020487;13
-0.9500999;1.024022;13
-0.9000998;1.022011;13
-0.8499999;1.025374;13
-0.7999997;1.019949;13
-0.75;1.019701;13
-0.6999998;1.023731;13
-0.6500001;1.026108;13
-0.5999999;1.023912;13
-0.5499997;1.023406;13
-0.5;1.020104;13
-0.4499998;1.018567;13
-0.4000001;1.016291;13
-0.3499999;1.022921;13
-0.2999997;1.017297;13
-0.25;1.019284;13
-0.1999998;1.017595;13
-0.1500001;1.024827;13
-0.0999999;1.019619;13
-0.04999971;1.019218;13
0;1.024272;13
0.05000019;1.031269;13
0.0999999;1.025995;13
0.1500001;1.02667;13
0.2000003;1.031038;13
0.25;1.033752;13
0.3000002;1.033792;13
0.3499999;1.034015;13
0.4000001;1.036855;13
0.4500003;1.038688;13
0.5;1.039265;13
0.5500002;1.038007;13
0.5999999;1.044975;13
0.6500001;1.041712;13
0.7000003;1.040092;13
0.75;1.042701;13
0.8000002;1.04313;13
0.8499999;1.04029;13
0.9000001;1.039998;13
0.9500999;1.045366;13
1.0001;1.044681;13
1.0501;1.038995;13
1.1001;1.036819;13
1.1501;1.047077;13
1.2001;1.045567;13
1.2501;1.043828;13
1.3001;1.047322;13
1.3501;1.045197;13
1.4001;1.044879;13
1.4501;1.041654;13
1.5001;1.040535;13
1.5501;1.04443;13
1.6001;1.0471;13
1.6501;1.049486;13
1.7001;1.045876;13
1.7501;1.043058;13
1.8001;1.051242;13
1.8501;1.051046;13
1.9001;1.04526;13
1.9501;1.054139;13
2.0001;1.046089;13
2.0501;1.047553;13
2.1001;1.048544;13
2.1501;1.046387;13
2.2001;1.048517;13
2.2501;1.051743;13
2.3001;1.054993;13
2.3501;1.047257;13
2.4001;1.050425;13
2.4501;1.046753;13
2.5001;1.046831;13
2.5501;1.054841;13
2.6001;1.051389;13
2.6501;1.048551;13
2.7001;1.051032;13
2.7502;1.058701;13
2.8002;1.050665;13
2.8502;1.052693;13
2.9002;1.047183;13
2.9502;1.051623;13
3.0002;1.05727;13
3.0502;1.051103;13
3.1002;1.050926;13
3.1502;1.043748;13
3.200201;1.049437;13
3.2502;1.056806;13
3.3002;1.04803;13
3.3502;1.05139;13
3.4002;1.057441;13
3.450201;1.058182;13
3.5002;1.051972;13
3.5502;1.056612;13
3.6002;1.054957;13
3.6502;1.061335;13
3.700201;1.058326;13
3.7502;1.052934;13
3.8002;1.052849;13
3.8502;1.056563;13
3.9002;1.056136;13
3.950201;1.055928;13
4.0002;1.059939;13
4.0502;1.052888;13
4.1002;1.0552;13
4.1502;1.057918;13
4.200201;1.056346;13
4.2502;1.054807;13
4.3002;1.054983;13
4.3502;1.058564;13
4.4002;1.057169;13
4.450201;1.056295;13
4.5002;1.061287;13
4.5503;1.060482;13
4.6003;1.056849;13
4.650301;1.064596;13
4.7003;1.065081;13
4.7503;1.058004;13
4.8003;1.056014;13
4.8503;1.051476;13
4.900301;1.057435;13
4.9503;1.059239;13
5.0003;1.059073;13
5.0503;1.054562;13
5.1003;1.058239;13
5.150301;1.057117;13
5.2003;1.060677;13
5.2503;1.059097;13
5.3003;1.063363;13
5.3503;1.062331;13
5.400301;1.063372;13
5.4503;1.060006;13
5.5003;1.057745;13
5.5503;1.058833;13
5.6003;1.058689;13
5.650301;1.052182;13
5.7003;1.06297;13
5.7503;1.064917;13
5.8003;1.059715;13
5.8503;1.061669;13
5.900301;1.058963;13
5.9503;1.064851;13
6.0003;1.05752;13
6.0503;1.053079;13
6.1003;1.064122;13
6.150301;1.061732;13
6.2003;1.058746;13
6.2503;1.06391;13
6.3003;1.065039;13
6.3504;1.064042;13
6.4004;1.066422;13
6.4504;1.064034;13
6.5004;1.065066;13
6.5504;1.060519;13
6.6004;1.063229;13
6.6504;1.06132;13
6.7004;1.061371;13
6.7504;1.065181;13
6.8004;1.060918;13
6.8504;1.063218;13
6.9004;1.061254;13
6.9504;1.059407;13
7.0004;1.056408;13
7.0504;1.058632;13
7.1004;1.061085;13
7.1504;1.06337;13
7.2004;1.063296;13
7.2504;1.066259;13
7.3004;1.06254;13
7.3504;1.066904;13
7.4004;1.063169;13
7.4504;1.067951;13
7.5004;1.063675;13
7.5504;1.059859;13
7.6004;1.064845;13
7.6504;1.068961;13
7.7004;1.061143;13
7.7504;1.056242;13
7.8004;1.065618;13
7.8504;1.06952;13
7.9004;1.070755;13
7.9504;1.067339;13
8.000401;1.067586;13
8.0504;1.06367;13
8.100401;1.072025;13
8.150499;1.068254;13
8.2005;1.065651;13
8.2505;1.068032;13
8.300501;1.072301;13
8.3505;1.063551;13
8.400499;1.064549;13
8.4505;1.064789;13
8.5005;1.066544;13
8.550501;1.064026;13
8.6005;1.06282;13
8.650499;1.071366;13
8.7005;1.063127;13
8.7505;1.058034;13
8.800501;1.065451;13
8.8505;1.069971;13
8.900499;1.0713;13
8.9505;1.069426;13
9.0005;1.064894;13
9.050501;1.070293;13
9.1005;1.073114;13
9.150499;1.070008;13
9.2005;1.073466;13
9.2505;1.071341;13
9.300501;1.069782;13
9.3505;1.068709;13
9.400499;1.075198;13
9.4505;1.066836;13
9.5005;1.072294;13
9.550501;1.06873;13
9.6005;1.067999;13
9.650499;1.071019;13
9.7005;1.066655;13
9.7505;1.072496;13
9.800501;1.06442;13
9.8505;1.070823;13
9.900499;1.068594;13
9.9506;1.064889;13
10.0006;1.069228;13
10.0006;1.069228;13
-4.9502;0.9249809;21
-4.9002;0.9209926;21
-4.8502;0.9212386;21
-4.8002;0.9248971;21
-4.7502;0.9233258;21
-4.7002;0.9269931;21
-4.6502;0.9166349;21
-4.6002;0.9223875;21
-4.5502;0.9203913;21
-4.5002;0.92573;21
-4.4502;0.9192291;21
-4.4002;0.920692;21
-4.3502;0.9226184;21
-4.3002;0.9272977;21
-4.2502;0.9284178;21
-4.2002;0.9233098;21
-4.1502;0.9166811;21
-4.1002;0.9267061;21
-4.0502;0.9236947;21
-4.0002;0.9236913;21
-3.9502;0.9215241;21
-3.9002;0.9268761;21
-3.8502;0.9243286;21
-3.8002;0.9242073;21
-3.7502;0.9263371;21
-3.7002;0.9198983;21
-3.6502;0.9260011;21
-3.6002;0.9257041;21
-3.5502;0.9289641;21
-3.5002;0.9228508;21
-3.4502;0.9244207;21
-3.4002;0.9232992;21
-3.3501;0.9252373;21
-3.3001;0.9254729;21
-3.2501;0.92418;21
-3.2001;0.9254755;21
-3.1501;0.9214248;21
-3.1001;0.921261;21
-3.0501;0.9237383;21
-3.0001;0.9214495;21
-2.9501;0.9233685;21
-2.9001;0.9193603;21
-2.8501;0.9244121;21
-2.8001;0.9240888;21
-2.7501;0.9238527;21
-2.7001;0.9191281;21
-2.6501;0.9225622;21
-2.6001;0.9232491;21
-2.5501;0.9205431;21
-2.5001;0.9237502;21
-2.4501;0.9284781;21
-2.4001;0.928399;21
-2.3501;0.9199132;21
-2.3001;0.9273362;21
-2.2501;0.923064;21
-2.2001;0.9243851;21
-2.1501;0.918866;21
-2.1001;0.9223967;21
-2.0501;0.926136;21
-2.0001;0.9236352;21
-1.9501;0.9240307;21
-1.9001;0.9248853;21
-1.8501;0.9264804;21
-1.8001;0.9255192;21
-1.7501;0.9223067;21
-1.7001;0.9215029;21
-1.6501;0.9264419;21
-1.6001;0.9235113;21
-1.55;0.9243748;21
-1.5;0.921498;21
-1.45;0.9283292;21
-1.4;0.9218069;21
-1.35;0.9208415;21
-1.3;0.9249119;21
-1.25;0.9203642;21
-1.2;0.9272944;21
-1.15;0.9231619;21
-1.1;0.9254087;21
-1.05;0.9259212;21
-1;0.9242126;21
-0.9499998;0.9238492;21
-0.9000001;0.9212187;21
-0.8499999;0.9228186;21
-0.7999997;0.9203509;21
-0.75;0.9247825;21
-0.6999998;0.9230056;21
-0.6500001;0.9244424;21
-0.5999999;0.9200092;21
-0.5499997;0.9280073;21
-0.5;0.9230209;21
-0.4499998;0.9214035;21
-0.4000001;0.9234179;21
-0.3499999;0.926612;21
-0.2999997;0.92488;21
-0.25;0.9231398;21
-0.1999998;0.9243609;21
-0.1500001;0.9213932;21
-0.0999999;0.9271814;21
-0.04999971;0.9286529;21
0;0.9214329;21
0.05000019;0.9229149;21
0.0999999;0.9291245;21
0.1500001;0.9297583;21
0.2000003;0.9317693;21
0.2501001;0.9371728;21
0.3000998;0.9362159;21
0.3501;0.9322598;21
0.4001002;0.9352019;21
0.4500999;0.9372157;21
0.5001001;0.9380233;21
0.5500998;0.9348014;21
0.6001;0.9351137;21
0.6501002;0.9370036;21
0.7000999;0.9413527;21
0.7501001;0.9353967;21
0.8000998;0.9351672;21
0.8501;0.9387505;21
0.9001002;0.9409754;21
0.9500999;0.9392226;21
1.0001;0.9336175;21
1.0501;0.9412462;21
1.1001;0.9389175;21
1.1501;0.9460842;21
1.2001;0.9365594;21
1.2501;0.9397776;21
1.3001;0.9398135;21
1.3501;0.9392517;21
1.4001;0.9450544;21
1.4501;0.9404321;21
1.5001;0.9382079;21
1.5501;0.939289;21
1.6001;0.9420425;21
1.6501;0.9426531;21
1.7001;0.9480768;21
1.7501;0.9488828;21
1.8001;0.9414057;21
1.8501;0.943275;21
1.9001;0.9407596;21
1.9501;0.9433798;21
2.0001;0.9462008;21
2.0502;0.9476008;21
2.1002;0.9421596;21
2.1502;0.9464301;21
2.2002;0.9459753;21
2.2502;0.9508844;21
2.3002;0.9452116;21
2.3502;0.9443078;21
2.4002;0.9408333;21
2.4502;0.9448727;21
2.5002;0.9423974;21
2.5502;0.9454131;21
2.6002;0.9479318;21
2.6502;0.9454952;21
2.7002;0.9480357;21
2.7502;0.9453387;21
2.8002;0.9447491;21
2.8502;0.941188;21
2.9002;0.9475026;21
2.9502;0.9482647;21
3.0002;0.9462371;21
3.0502;0.945664;21
3.1002;0.9488215;21
3.1502;0.9484205;21
3.200201;0.9477397;21
3.2502;0.9461764;21
3.3002;0.9445838;21
3.3502;0.9481075;21
3.4002;0.9458623;21
3.450201;0.9461997;21
3.5002;0.9483024;21
3.5502;0.9464561;21
3.6002;0.9473295;21
3.6502;0.9494852;21
3.700201;0.9485607;21
3.7502;0.9479508;21
3.8002;0.9511607;21
3.8503;0.9458929;21
3.900301;0.949589;21
3.9503;0.9522659;21
4.0003;0.9480429;21
4.0503;0.9513831;21
4.1003;0.9502907;21
4.150301;0.9552264;21
4.2003;0.9487978;21
4.2503;0.9538782;21
4.3003;0.9518101;21
4.3503;0.9529458;21
4.400301;0.9509513;21
4.4503;0.9507364;21
4.5003;0.9461442;21
4.5503;0.9459412;21
4.6003;0.9525372;21
4.650301;0.9538762;21
4.7003;0.9497107;21
4.7503;0.9540763;21
4.8003;0.9533278;21
4.8503;0.9506297;21
4.900301;0.9468145;21
4.9503;0.9561722;21
5.0003;0.9539085;21
5.0503;0.9563588;21
5.1003;0.9522228;21
5.150301;0.9557906;21
5.2003;0.9564945;21
5.2503;0.9511953;21
5.3003;0.9491009;21
5.3503;0.9509714;21
5.400301;0.9541897;21
5.4503;0.9545621;21
5.5003;0.9504899;21
5.5503;0.9545299;21
5.6003;0.9544398;21
5.6504;0.9529166;21
5.7004;0.9553957;21
5.7504;0.9562045;21
5.8004;0.9521868;21
5.8504;0.9502197;21
5.9004;0.9489015;21
5.9504;0.9506043;21
6.0004;0.9551613;21
6.0504;0.9476719;21
6.1004;0.9571997;21
6.1504;0.9529258;21
6.2004;0.9543766;21
6.2504;0.9553736;21
6.3004;0.9540424;21
6.3504;0.9543012;21
6.4004;0.9563243;21
6.4504;0.9560794;21
6.5004;0.9589674;21
6.5504;0.9519594;21
6.6004;0.9494255;21
6.6504;0.9555554;21
6.7004;0.9574924;21
6.7504;0.9542107;21
6.8004;0.9529211;21
6.8504;0.9584411;21
6.9004;0.9539379;21
6.9504;0.96195;21
7.0004;0.9553785;21
7.0504;0.9552857;21
7.1004;0.9588908;21
7.1504;0.9520127;21
7.2004;0.9503484;21
7.2504;0.957776;21
7.3004;0.9542994;21
7.3504;0.9485965;21
7.4004;0.9662352;21
7.4505;0.9571777;21
7.5005;0.9534311;21
7.5505;0.9455562;21
7.6005;0.9569532;21
7.6505;0.953396;21
7.7005;0.9528228;21
7.7505;0.9548786;21
7.8005;0.9561585;21
7.8505;0.9603549;21
7.9005;0.9549633;21
7.9505;0.9573467;21
8.0005;0.9605913;21
8.050501;0.9575311;21
8.1005;0.9572018;21
8.150499;0.9520043;21
8.2005;0.9509631;21
8.2505;0.9569685;21
8.300501;0.9508197;21
8.3505;0.9550518;21
8.400499;0.9520257;21
8.4505;0.9565099;21
8.5005;0.9556687;21
8.550501;0.9563189;21
8.6005;0.954308;21
8.650499;0.9544087;21
8.7005;0.9581865;21
8.7505;0.9556867;21
8.800501;0.9552605;21
8.8505;0.9548119;21
8.900499;0.9581157;21
8.9505;0.9602975;21
9.0005;0.9571042;21
9.050501;0.9572322;21
9.1005;0.9610459;21
9.150499;0.9569032;21
9.2005;0.9546124;21
9.250601;0.9555151;21
9.3006;0.9624078;21
9.350599;0.958029;21
9.4006;0.9605797;21
9.4506;0.9544712;21
9.500601;0.9612305;21
9.5506;0.9549583;21
9.600599;0.9561101;21
9.6506;0.9545774;21
9.7006;0.9549329;21
9.750601;0.9604529;21
9.8006;0.9534615;21
9.850599;0.9550708;21
9.9006;0.9595855;21
9.9506;0.9602432;21
10.0006;0.9556499;21
10.0006;0.9556499;21
-4.9503;0.5308188;6
-4.9003;0.5298833;6
-4.8503;0.5314555;6
-4.8003;0.5282183;6
-4.7503;0.5303519;6
-4.7003;0.5296821;6
-4.6503;0.5303097;6
-4.6003;0.5307217;6
-4.5503;0.5301915;6
-4.5003;0.527706;6
-4.4503;0.5296443;6
-4.4003;0.528974;6
-4.3503;0.5304283;6
-4.3003;0.5289845;6
-4.2503;0.5292011;6
-4.2003;0.5272126;6
-4.1503;0.5287021;6
-4.1003;0.5291446;6
-4.0503;0.5285353;6
-4.0003;0.5292217;6
-3.9503;0.531478;6
-3.9003;0.5280442;6
-3.8503;0.530087;6
-3.8003;0.5296156;6
-3.7503;0.5289394;6
-3.7002;0.529817;6
-3.6502;0.5290254;6
-3.6002;0.5276888;6
-3.5502;0.5272537;6
-3.5002;0.5299462;6
-3.4502;0.5301563;6
-3.4002;0.5275462;6
-3.3502;0.5310585;6
-3.3002;0.5281454;6
-3.2502;0.5300883;6
-3.2002;0.5283898;6
-3.1502;0.5302486;6
-3.1002;0.530399;6
-3.0502;0.5280217;6
-3.0002;0.530364;6
-2.9502;0.5290359;6
-2.9002;0.5305963;6
-2.8502;0.5281776;6
-2.8002;0.5303994;6
-2.7502;0.5281178;6
-2.7002;0.5289678;6
-2.6502;0.5307376;6
-2.6002;0.5294405;6
-2.5502;0.5285478;6
-2.5002;0.5286058;6
-2.4502;0.5290833;6
-2.4002;0.5300141;6
-2.3502;0.5299615;6
-2.3002;0.5280681;6
-2.2502;0.5315105;6
-2.2002;0.5296408;6
-2.1502;0.5316744;6
-2.1002;0.5289344;6
-2.0502;0.5294214;6
-2.0002;0.5290884;6
-1.9502;0.5291284;6
-1.9001;0.5288751;6
-1.8501;0.5295698;6
-1.8001;0.5316473;6
-1.7501;0.5299677;6
-1.7001;0.5302338;6
-1.6501;0.5294731;6
-1.6001;0.5290887;6
-1.5501;0.5285186;6
-1.5001;0.5301889;6
-1.4501;0.5304328;6
-1.4001;0.5267272;6
-1.3501;0.5291012;6
-1.3001;0.527566;6
-1.2501;0.5284837;6
-1.2001;0.530017;6
-1.1501;0.5302809;6
-1.1001;0.529183;6
-1.0501;0.5304785;6
-1.0001;0.5268271;6
-0.9500999;0.5289117;6
-0.9000998;0.5284118;6
-0.8501;0.5295361;6
-0.8000998;0.5301834;6
-0.7501001;0.5294684;6
-0.7000999;0.5307458;6
-0.6500998;0.5293188;6
-0.6001;0.5295867;6
-0.5500998;0.5284528;6
-0.5001001;0.5297763;6
-0.4500999;0.5273885;6
-0.4000998;0.5305301;6
-0.3501;0.5286005;6
-0.3000998;0.5290332;6
-0.2501001;0.5303913;6
-0.2000999;0.5298318;6
-0.1500998;0.5297914;6
-0.0999999;0.529102;6
-0.04999971;0.5293226;6
0;0.5294785;6
0.05000019;0.5318545;6
0.0999999;0.5371952;6
0.1500001;0.5387213;6
0.2000003;0.5388068;6
0.25;0.5410451;6
0.3000002;0.5393119;6
0.3499999;0.5420866;6
0.4000001;0.5414957;6
0.4500003;0.5441104;6
0.5;0.542704;6
0.5500002;0.5447019;6
0.5999999;0.5433031;6
0.6500001;0.5465963;6
0.7000003;0.5451185;6
0.75;0.5474774;6
0.8000002;0.5458711;6
0.8499999;0.5475168;6
0.9000001;0.5475721;6
0.9500003;0.5476301;6
1;0.545315;6
1.05;0.549771;6
1.1;0.5485612;6
1.15;0.5493166;6
1.2;0.5507101;6
1.25;0.5496764;6
1.3;0.5463987;6
1.35;0.5497109;6
1.4;0.5531129;6
1.45;0.5499509;6
1.5;0.5502922;6
1.55;0.5513785;6
1.6;0.5512382;6
1.65;0.5526305;6
1.7001;0.5509779;6
1.7501;0.5543949;6
1.8001;0.552665;6
1.8501;0.554932;6
1.9001;0.5522614;6
1.9501;0.5540906;6
2.0001;0.5538827;6
2.0501;0.5523123;6
2.1001;0.555867;6
2.1501;0.5539139;6
2.2001;0.5545323;6
2.2501;0.5542436;6
2.3001;0.5538596;6
2.3501;0.5542963;6
2.4001;0.555099;6
2.4501;0.5578574;6
2.5001;0.5552399;6
2.5501;0.55341;6
2.6001;0.557551;6
2.6501;0.5565084;6
2.7001;0.5538087;6
2.7501;0.5578104;6
2.8001;0.5581177;6
2.8501;0.5572032;6
2.9001;0.5571984;6
2.9501;0.5587351;6
3.0001;0.559038;6
3.0501;0.5579456;6
3.1001;0.5585794;6
3.1501;0.5594994;6
3.2001;0.5598521;6
3.2501;0.558635;6
3.3001;0.5594815;6
3.3501;0.5608306;6
3.4001;0.5594545;6
3.4501;0.5567278;6
3.5002;0.5605329;6
3.5502;0.5589985;6
3.6002;0.5584336;6
3.6502;0.5617252;6
3.700201;0.5615866;6
3.7502;0.5604852;6
3.8002;0.5604132;6
3.8502;0.5630033;6
3.9002;0.561478;6
3.950201;0.5637788;6
4.0002;0.5600291;6
4.0502;0.5604714;6
4.1002;0.5627679;6
4.1502;0.5627521;6
4.200201;0.5620875;6
4.2502;0.563193;6
4.3002;0.5614421;6
4.3502;0.5627642;6
4.4002;0.5625082;6
4.450201;0.561183;6
4.5002;0.5624121;6
4.5502;0.5628279;6
4.6002;0.5627125;6
4.6502;0.5648551;6
4.700201;0.5632229;6
4.7502;0.5631456;6
4.8002;0.5641792;6
4.8502;0.5646878;6
4.9002;0.5651895;6
4.950201;0.5639409;6
5.0002;0.5628215;6
5.0502;0.5624724;6
5.1002;0.5641809;6
5.1502;0.5650064;6
5.200201;0.5648676;6
5.2502;0.5642686;6
5.3003;0.5637086;6
5.3503;0.5650179;6
5.400301;0.5668935;6
5.4503;0.5661532;6
5.5003;0.565755;6
5.5503;0.5661089;6
5.6003;0.5668325;6
5.650301;0.5650266;6
5.7003;0.5655521;6
5.7503;0.5673175;6
5.8003;0.5654137;6
5.8503;0.5684048;6
5.900301;0.5658976;6
5.9503;0.5686833;6
6.0003;0.5650318;6
6.0503;0.566942;6
6.1003;0.5669989;6
6.150301;0.5650383;6
6.2003;0.5641177;6
6.2503;0.5673377;6
6.3003;0.5683299;6
6.3503;0.566964;6
6.400301;0.5683651;6
6.4503;0.566056;6
6.5003;0.5661042;6
6.5503;0.5676948;6
6.6003;0.568433;6
6.650301;0.5650516;6
6.7003;0.5690263;6
6.7503;0.5695615;6
6.8003;0.5661973;6
6.8503;0.5658879;6
6.900301;0.568041;6
6.9503;0.5666178;6
7.0003;0.5714411;6
7.0503;0.5686573;6
7.1004;0.5689105;6
7.1504;0.5696552;6
7.2004;0.5693489;6
7.2504;0.5693314;6
7.3004;0.5689014;6
7.3504;0.5690798;6
7.4004;0.5685371;6
7.4504;0.568607;6
7.5004;0.5700779;6
7.5504;0.5687431;6
7.6004;0.5702682;6
7.6504;0.5682796;6
7.7004;0.5701165;6
7.7504;0.5700127;6
7.8004;0.5712758;6
7.8504;0.5688536;6
7.9004;0.5677437;6
7.9504;0.5694005;6
8.000401;0.5711136;6
8.0504;0.5691531;6
8.100401;0.5692413;6
8.1504;0.5731922;6
8.200399;0.5690777;6
8.250401;0.5729629;6
8.3004;0.5670252;6
8.350401;0.570567;6
8.4004;0.5698639;6
8.450399;0.5702035;6
8.500401;0.5704724;6
8.5504;0.5695778;6
8.600401;0.5683997;6
8.6504;0.5693191;6
8.700399;0.5720788;6
8.750401;0.568358;6
8.8004;0.5718813;6
8.850401;0.5686435;6
8.900499;0.570786;6
8.9505;0.5702804;6
9.0005;0.5694451;6
9.050501;0.5715755;6
9.1005;0.5694368;6
9.150499;0.5720789;6
9.2005;0.5717949;6
9.2505;0.5722956;6
9.300501;0.5708;6
9.3505;0.5725834;6
9.400499;0.5753721;6
9.4505;0.5723366;6
9.5005;0.5745041;6
9.550501;0.5709209;6
9.6005;0.5728427;6
9.650499;0.5717358;6
9.7005;0.572641;6
9.7505;0.5735207;6
9.800501;0.5719094;6
9.8505;0.5718464;6
9.900499;0.5716357;6
9.9505;0.5731521;6
10.0005;0.5734584;6
10.0005;0.5734584;6
-4.9503;0.8030078;14
-4.9003;0.8071472;14
-4.8503;0.8066131;14
-4.8003;0.8071948;14
-4.7503;0.8063229;14
-4.7003;0.8054075;14
-4.6503;0.8053898;14
-4.6003;0.8056694;14
-4.5503;0.805147;14
-4.5003;0.8032118;14
-4.4503;0.8046698;14
-4.4002;0.8043082;14
-4.3502;0.8063671;14
-4.3002;0.806394;14
-4.2502;0.8060653;14
-4.2002;0.8055705;14
-4.1502;0.8060085;14
-4.1002;0.8057275;14
-4.0502;0.8039841;14
-4.0002;0.8062024;14
-3.9502;0.8040264;14
-3.9002;0.8044728;14
-3.8502;0.8059955;14
-3.8002;0.804077;14
-3.7502;0.8042382;14
-3.7002;0.8030934;14
-3.6502;0.8043455;14
-3.6002;0.8050737;14
-3.5502;0.8053307;14
-3.5002;0.806887;14
-3.4502;0.8045977;14
-3.4002;0.8045072;14
-3.3502;0.8039085;14
-3.3002;0.8053206;14
-3.2502;0.8068682;14
-3.2002;0.8049214;14
-3.1502;0.8067017;14
-3.1002;0.8046605;14
-3.0502;0.8032401;14
-3.0002;0.8057895;14
-2.9502;0.8037401;14
-2.9002;0.8041723;14
-2.8502;0.8054443;14
-2.8002;0.806186;14
-2.7502;0.807304;14
-2.7002;0.8061474;14
-2.6501;0.8034008;14
-2.6001;0.8034056;14
-2.5501;0.8058146;14
-2.5001;0.804501;14
-2.4501;0.8044596;14
-2.4001;0.8063025;14
-2.3501;0.804211;14
-2.3001;0.8049061;14
-2.2501;0.8054761;14
-2.2001;0.8057632;14
-2.1501;0.8057902;14
-2.1001;0.803571;14
-2.0501;0.8048655;14
-2.0001;0.805143;14
-1.9501;0.8064014;14
-1.9001;0.807128;14
-1.8501;0.8043308;14
-1.8001;0.8053855;14
-1.7501;0.8053808;14
-1.7001;0.8049073;14
-1.6501;0.8051196;14
-1.6001;0.8038584;14
-1.5501;0.8047037;14
-1.5001;0.8048802;14
-1.4501;0.8049569;14
-1.4001;0.8060552;14
-1.3501;0.8043669;14
-1.3001;0.8036968;14
-1.2501;0.8041172;14
-1.2001;0.8069705;14
-1.1501;0.8064134;14
-1.1001;0.8035196;14
-1.0501;0.8061256;14
-1.0001;0.8069736;14
-0.9500999;0.8044925;14
-0.9000998;0.8061382;14
-0.8501;0.8039497;14
-0.7999997;0.804849;14
-0.75;0.8065842;14
-0.6999998;0.8074497;14
-0.6500001;0.8045802;14
-0.5999999;0.8061233;14
-0.5499997;0.804285;14
-0.5;0.8046761;14
-0.4499998;0.8041331;14
-0.4000001;0.8056479;14
-0.3499999;0.8032382;14
-0.2999997;0.8060866;14
-0.25;0.8047424;14
-0.1999998;0.8051946;14
-0.1500001;0.8047593;14
-0.0999999;0.8040521;14
-0.04999971;0.8050249;14
0;0.803435;14
0.05000019;0.8050658;14
0.0999999;0.8121307;14
0.1500001;0.8118955;14
0.2000003;0.8137189;14
0.25;0.8167908;14
0.3000002;0.8177344;14
0.3499999;0.8168365;14
0.4000001;0.816695;14
0.4500003;0.8193824;14
0.5;0.8168114;14
0.5500002;0.8221013;14
0.5999999;0.8231522;14
0.6500001;0.8216576;14
0.7000003;0.8220006;14
0.75;0.8228555;14
0.8000002;0.8216816;14
0.8499999;0.8231482;14
0.9000001;0.8238112;14
0.9500003;0.8254406;14
1.0001;0.8287967;14
1.0501;0.8274291;14
1.1001;0.8247202;14
1.1501;0.8275082;14
1.2001;0.8259327;14
1.2501;0.8274179;14
1.3001;0.8290341;14
1.3501;0.8268803;14
1.4001;0.8289756;14
1.4501;0.830281;14
1.5001;0.8285585;14
1.5501;0.8303307;14
1.6001;0.832175;14
1.6501;0.8303514;14
1.7001;0.8316069;14
1.7501;0.8289381;14
1.8001;0.8329446;14
1.8501;0.8318505;14
1.9001;0.8322592;14
1.9501;0.8350458;14
2.0001;0.8314899;14
2.0501;0.8324883;14
2.1001;0.8324827;14
2.1501;0.8341455;14
2.2001;0.8365729;14
2.2501;0.8361049;14
2.3001;0.837603;14
2.3501;0.8345178;14
2.4001;0.8362579;14
2.4501;0.8368241;14
2.5001;0.8370943;14
2.5501;0.8359873;14
2.6001;0.8363121;14
2.6501;0.8380415;14
2.7001;0.8387631;14
2.7501;0.8378588;14
2.8002;0.8384645;14
2.8502;0.8379231;14
2.9002;0.8390841;14
2.9502;0.8388517;14
3.0002;0.8402405;14
3.0502;0.8381968;14
3.1002;0.8417801;14
3.1502;0.8390048;14
3.200201;0.8410398;14
3.2502;0.8398364;14
3.3002;0.8412882;14
3.3502;0.8423968;14
3.4002;0.8419725;14
3.450201;0.8406981;14
3.5002;0.8421847;14
3.5502;0.8413087;14
3.6002;0.8431008;14
3.6502;0.8450695;14
3.700201;0.8423166;14
3.7502;0.84141;14
3.8002;0.8444476;14
3.8502;0.8431348;14
3.9002;0.8453569;14
3.950201;0.8421118;14
4.0002;0.8430523;14
4.0502;0.8427453;14
4.1002;0.8468615;14
4.1502;0.8454495;14
4.200201;0.8442966;14
4.2502;0.8450476;14
4.3002;0.8456526;14
4.3502;0.8441067;14
4.4002;0.8460804;14
4.450201;0.8452881;14
4.5002;0.8439329;14
4.5503;0.8464033;14
4.6003;0.8444729;14
4.650301;0.8491362;14
4.7003;0.8470663;14
4.7503;0.848783;14
4.8003;0.849923;14
4.8503;0.8463909;14
4.900301;0.8501409;14
4.9503;0.8494949;14
5.0003;0.8476857;14
5.0503;0.8499718;14
5.1003;0.8485208;14
5.150301;0.8467462;14
5.2003;0.8504339;14
5.2503;0.8479984;14
5.3003;0.8492967;14
5.3503;0.8478597;14
5.400301;0.8484907;14
5.4503;0.8486494;14
5.5003;0.8488919;14
5.5503;0.8513657;14
5.6003;0.85075;14
5.650301;0.8523975;14
5.7003;0.8522919;14
5.7503;0.8498172;14
5.8003;0.849669;14
5.8503;0.8518398;14
5.900301;0.8496367;14
5.9503;0.8521071;14
6.0003;0.8534967;14
6.0503;0.8525691;14
6.1003;0.8522602;14
6.150301;0.852331;14
6.2003;0.8548755;14
6.2503;0.851312;14
6.3003;0.8533327;14
6.3504;0.8520707;14
6.4004;0.8530424;14
6.4504;0.8539507;14
6.5004;0.853982;14
6.5504;0.8523628;14
6.6004;0.8545207;14
6.6504;0.8554848;14
6.7004;0.8539106;14
6.7504;0.8534054;14
6.8004;0.8542982;14
6.8504;0.8542969;14
6.9004;0.8540685;14
6.9504;0.8544256;14
7.0004;0.8534492;14
7.0504;0.854668;14
7.1004;0.8538821;14
7.1504;0.8547423;14
7.2004;0.8560655;14
7.2504;0.8564966;14
7.3004;0.8554655;14
7.3504;0.8561437;14
7.4004;0.8543286;14
7.4504;0.8556432;14
7.5004;0.8559459;14
7.5504;0.8547335;14
7.6004;0.8569332;14
7.6504;0.8561772;14
7.7004;0.8563921;14
7.7504;0.8554777;14
7.8004;0.8586012;14
7.8504;0.858627;14
7.9004;0.8586624;14
7.9504;0.8575653;14
8.000401;0.8562851;14
8.0504;0.8555998;14
8.100401;0.8575678;14
8.150499;0.8589602;14
8.2005;0.8576414;14
8.2505;0.8588136;14
8.300501;0.8589262;14
8.3505;0.8592433;14
8.400499;0.8583567;14
8.4505;0.8605698;14
8.5005;0.8597525;14
8.550501;0.8587282;14
8.6005;0.8604658;14
8.650499;0.8574173;14
8.7005;0.8585652;14
8.7505;0.8610005;14
8.800501;0.8585423;14
8.8505;0.8603463;14
8.900499;0.8581022;14
8.9505;0.8610365;14
9.0005;0.8617657;14
9.050501;0.8599158;14
9.1005;0.8577991;14
9.150499;0.8591694;14
9.2005;0.8606923;14
9.2505;0.8630549;14
9.300501;0.8587513;14
9.3505;0.8611112;14
9.400499;0.8611076;14
9.4505;0.8619878;14
9.5005;0.8597703;14
9.550501;0.8625083;14
9.6005;0.8613155;14
9.650499;0.8640049;14
9.7005;0.8622983;14
9.7505;0.8612009;14
9.800501;0.8626838;14
9.8505;0.8628851;14
9.900499;0.8612968;14
9.9506;0.8611019;14
10.0006;0.8623742;14
10.0006;0.8623742;14
-4.9502;0.5969663;22
-4.9002;0.5971764;22
-4.8502;0.596679;22
-4.8002;0.5976191;22
-4.7502;0.5960869;22
-4.7002;0.5956953;22
-4.6502;0.5974364;22
-4.6002;0.5958716;22
-4.5502;0.5963947;22
-4.5002;0.5959612;22
-4.4502;0.5953925;22
-4.4002;0.5967674;22
-4.3502;0.595304;22
-4.3002;0.5970268;22
-4.2502;0.5953386;22
-4.2002;0.5960463;22
-4.1502;0.5952373;22
-4.1002;0.5968477;22
-4.0502;0.5943515;22
-4.0002;0.595341;22
-3.9502;0.5954238;22
-3.9002;0.5959333;22
-3.8502;0.5940322;22
-3.8002;0.5946743;22
-3.7502;0.5949717;22
-3.7002;0.5958161;22
-3.6502;0.5940126;22
-3.6002;0.5974442;22
-3.5502;0.5969834;22
-3.5002;0.5953344;22
-3.4502;0.5978636;22
-3.4002;0.5951417;22
-3.3502;0.5949058;22
-3.3001;0.5947154;22
-3.2501;0.5965183;22
-3.2001;0.5962025;22
-3.1501;0.597347;22
-3.1001;0.596335;22
-3.0501;0.5945572;22
-3.0001;0.5979364;22
-2.9501;0.5967545;22
-2.9001;0.5951923;22
-2.8501;0.5956923;22
-2.8001;0.5961603;22
-2.7501;0.598799;22
-2.7001;0.597495;22
-2.6501;0.5974321;22
-2.6001;0.5949466;22
-2.5501;0.5973728;22
-2.5001;0.5958185;22
-2.4501;0.5981475;22
-2.4001;0.596217;22
-2.3501;0.5957052;22
-2.3001;0.5951302;22
-2.2501;0.5938929;22
-2.2001;0.5961595;22
-2.1501;0.5969982;22
-2.1001;0.5972077;22
-2.0501;0.5955254;22
-2.0001;0.595598;22
-1.9501;0.5950844;22
-1.9001;0.5955687;22
-1.8501;0.5953971;22
-1.8001;0.5956374;22
-1.7501;0.5972097;22
-1.7001;0.5974144;22
-1.6501;0.5956597;22
-1.6001;0.596002;22
-1.5501;0.5970371;22
-1.5;0.5956962;22
-1.45;0.5969487;22
-1.4;0.5961353;22
-1.35;0.5962102;22
-1.3;0.5948207;22
-1.25;0.5959594;22
-1.2;0.5957999;22
-1.15;0.5973491;22
-1.1;0.595929;22
-1.05;0.5968489;22
-1;0.5948939;22
-0.9499998;0.595575;22
-0.9000001;0.5958958;22
-0.8499999;0.5959887;22
-0.7999997;0.594741;22
-0.75;0.596233;22
-0.6999998;0.5963087;22
-0.6500001;0.5957237;22
-0.5999999;0.5967444;22
-0.5499997;0.5970814;22
-0.5;0.5956479;22
-0.4499998;0.5957447;22
-0.4000001;0.597101;22
-0.3499999;0.5959879;22
-0.2999997;0.5970089;22
-0.25;0.5950187;22
-0.1999998;0.5946304;22
-0.1500001;0.59527;22
-0.0999999;0.5973237;22
-0.04999971;0.5970276;22
0;0.5960739;22
0.05000019;0.5997639;22
0.0999999;0.60391;22
0.1500001;0.6083143;22
0.2000003;0.6114762;22
0.2501001;0.6117458;22
0.3000998;0.6125194;22
0.3501;0.6148127;22
0.4001002;0.6140906;22
0.4500999;0.6133544;22
0.5001001;0.6166796;22
0.5500998;0.6172558;22
0.6001;0.6186808;22
0.6501002;0.6192277;22
0.7000999;0.6199042;22
0.7501001;0.6243811;22
0.8000998;0.6194711;22
0.8501;0.622709;22
0.9001002;0.6217645;22
0.9500999;0.6237268;22
1.0001;0.6248534;22
1.0501;0.6237782;22
1.1001;0.6236544;22
1.1501;0.6255944;22
1.2001;0.6270242;22
1.2501;0.6281237;22
1.3001;0.6264262;22
1.3501;0.6275884;22
1.4001;0.6265555;22
1.4501;0.6255442;22
1.5001;0.6293647;22
1.5501;0.6294088;22
1.6001;0.6280481;22
1.6501;0.6293872;22
1.7001;0.6337544;22
1.7501;0.6299736;22
1.8001;0.6286375;22
1.8501;0.6337991;22
1.9001;0.6336743;22
1.9501;0.630604;22
2.0001;0.6322126;22
2.0502;0.6319566;22
2.1002;0.6324784;22
2.1502;0.6335984;22
2.2002;0.6341424;22
2.2502;0.6340713;22
2.3002;0.6368911;22
2.3502;0.6359042;22
2.4002;0.6368475;22
2.4502;0.6362717;22
2.5002;0.6346722;22
2.5502;0.6355627;22
2.6002;0.6371108;22
2.6502;0.6382313;22
2.7002;0.6392493;22
2.7502;0.640349;22
2.8002;0.6366212;22
2.8502;0.6385354;22
2.9002;0.6367577;22
2.9502;0.6387767;22
3.0002;0.6390361;22
3.0502;0.6386251;22
3.1002;0.6389312;22
3.1502;0.6400954;22
3.200201;0.6385365;22
3.2502;0.6382447;22
3.3002;0.640996;22
3.3502;0.6401657;22
3.4002;0.6410151;22
3.450201;0.6426557;22
3.5002;0.6398232;22
3.5502;0.6424604;22
3.6002;0.6427113;22
3.6502;0.6424298;22
3.700201;0.6427469;22
3.7502;0.6414513;22
3.8002;0.644495;22
3.8503;0.6424778;22
3.900301;0.6466261;22
3.9503;0.6434682;22
4.0003;0.6431465;22
4.0503;0.6429483;22
4.1003;0.6428871;22
4.150301;0.6451744;22
4.2003;0.6442856;22
4.2503;0.6440883;22
4.3003;0.6468135;22
4.3503;0.6453992;22
4.400301;0.6438316;22
4.4503;0.6464335;22
4.5003;0.6459603;22
4.5503;0.6475236;22
4.6003;0.6463029;22
4.650301;0.6470942;22
4.7003;0.6450461;22
4.7503;0.6485789;22
4.8003;0.6472806;22
4.8503;0.6482021;22
4.900301;0.6492534;22
4.9503;0.6491711;22
5.0003;0.6513669;22
5.0503;0.6471109;22
5.1003;0.6470135;22
5.150301;0.6483807;22
5.2003;0.649017;22
5.2503;0.648685;22
5.3003;0.6493391;22
5.3503;0.6504495;22
5.400301;0.6482295;22
5.4503;0.6496112;22
5.5003;0.6494528;22
5.5503;0.6494743;22
5.6003;0.6507201;22
5.6504;0.6464465;22
5.7004;0.6521692;22
5.7504;0.650897;22
5.8004;0.6520336;22
5.8504;0.6506672;22
5.9004;0.6498628;22
5.9504;0.6523237;22
6.0004;0.6512555;22
6.0504;0.6516947;22
6.1004;0.6539522;22
6.1504;0.652179;22
6.2004;0.6542009;22
6.2504;0.6530257;22
6.3004;0.6529388;22
6.3504;0.6508697;22
6.4004;0.6525496;22
6.4504;0.6529853;22
6.5004;0.6516566;22
6.5504;0.6537471;22
6.6004;0.6551272;22
6.6504;0.6535638;22
6.7004;0.6539711;22
6.7504;0.6539478;22
6.8004;0.6534297;22
6.8504;0.6540083;22
6.9004;0.654341;22
6.9504;0.6555892;22
7.0004;0.6544212;22
7.0504;0.6559453;22
7.1004;0.6555895;22
7.1504;0.6516139;22
7.2004;0.6548524;22
7.2504;0.6544636;22
7.3004;0.6553172;22
7.3504;0.6539683;22
7.4004;0.6551996;22
7.4505;0.6547893;22
7.5005;0.6573182;22
7.5505;0.656878;22
7.6005;0.6565568;22
7.6505;0.6580675;22
7.7005;0.6544818;22
7.7505;0.6557524;22
7.8005;0.6571701;22
7.8505;0.6566579;22
7.9005;0.6543558;22
7.9505;0.6547524;22
8.0005;0.6569765;22
8.050501;0.6582792;22
8.1005;0.656286;22
8.150499;0.6575131;22
8.2005;0.6580414;22
8.2505;0.6596647;22
8.300501;0.6564044;22
8.3505;0.6591212;22
8.400499;0.6589681;22
8.4505;0.6584371;22
8.5005;0.6595097;22
8.550501;0.6572558;22
8.6005;0.6574218;22
8.650499;0.6584504;22
8.7005;0.6580542;22
8.7505;0.6603916;22
8.800501;0.6558256;22
8.8505;0.6561074;22
8.900499;0.6601974;22
8.9505;0.6571283;22
9.0005;0.6582806;22
9.050501;0.6597821;22
9.1005;0.6597521;22
9.150499;0.6599486;22
9.2005;0.6575851;22
9.250601;0.6595706;22
9.3006;0.6600875;22
9.350599;0.6627724;22
9.4006;0.6603476;22
9.4506;0.6602831;22
9.500601;0.6592472;22
9.5506;0.6578965;22
9.600599;0.6612179;22
9.6506;0.6574469;22
9.7006;0.6587867;22
9.750601;0.6588153;22
9.8006;0.6598834;22
9.850599;0.6601528;22
9.9006;0.6603241;22
9.9506;0.6609676;22
10.0006;0.6602201;22
10.0006;0.6602201;22
-4.9503;0.5172136;7
-4.9003;0.5172486;7
-4.8503;0.5191739;7
-4.8003;0.5186506;7
-4.7503;0.5163772;7
-4.7003;0.5182132;7
-4.6503;0.5183699;7
-4.6003;0.5174895;7
-4.5503;0.5174931;7
-4.5003;0.5163549;7
-4.4503;0.517174;7
-4.4003;0.5174875;7
-4.3503;0.5165525;7
-4.3003;0.5181135;7
-4.2503;0.5178291;7
-4.2003;0.5179619;7
-4.1503;0.518251;7
-4.1003;0.5194544;7
-4.0503;0.5191656;7
-4.0003;0.5184291;7
-3.9503;0.5165712;7
-3.9003;0.5201724;7
-3.8503;0.5183966;7
-3.8003;0.5160154;7
-3.7503;0.5193847;7
-3.7003;0.5194519;7
-3.6502;0.5166115;7
-3.6002;0.5180745;7
-3.5502;0.5180535;7
-3.5002;0.5188879;7
-3.4502;0.5181942;7
-3.4002;0.5172402;7
-3.3502;0.5185603;7
-3.3002;0.5178779;7
-3.2502;0.5184025;7
-3.2002;0.5177168;7
-3.1502;0.5191329;7
-3.1002;0.5200267;7
-3.0502;0.5178862;7
-3.0002;0.5177286;7
-2.9502;0.5175565;7
-2.9002;0.5179045;7
-2.8502;0.5180348;7
-2.8002;0.5193224;7
-2.7502;0.5163772;7
-2.7002;0.5189833;7
-2.6502;0.5170473;7
-2.6002;0.5186008;7
-2.5502;0.5184921;7
-2.5002;0.517185;7
-2.4502;0.5167661;7
-2.4002;0.5176867;7
-2.3502;0.5166422;7
-2.3002;0.5183179;7
-2.2502;0.5184501;7
-2.2002;0.5182886;7
-2.1502;0.5189486;7
-2.1002;0.5163882;7
-2.0502;0.5164289;7
-2.0002;0.5169906;7
-1.9502;0.5185696;7
-1.9002;0.5186031;7
-1.8501;0.5186386;7
-1.8001;0.5175223;7
-1.7501;0.5172786;7
-1.7001;0.5170923;7
-1.6501;0.5185473;7
-1.6001;0.5178481;7
-1.5501;0.5168859;7
-1.5001;0.5191374;7
-1.4501;0.5182646;7
-1.4001;0.5189343;7
-1.3501;0.5173585;7
-1.3001;0.5173059;7
-1.2501;0.5178139;7
-1.2001;0.5183857;7
-1.1501;0.5198045;7
-1.1001;0.5179948;7
-1.0501;0.51806;7
-1.0001;0.518142;7
-0.9500999;0.5183973;7
-0.9000998;0.5208862;7
-0.8501;0.5174094;7
-0.8000998;0.5184674;7
-0.7501001;0.5163349;7
-0.7000999;0.519503;7
-0.6500998;0.5170035;7
-0.6001;0.5180627;7
-0.5500998;0.5176163;7
-0.5001001;0.517842;7
-0.4500999;0.517902;7
-0.4000998;0.5166442;7
-0.3501;0.5179722;7
-0.3000998;0.5180642;7
-0.2501001;0.5179479;7
-0.2000999;0.5165206;7
-0.1500998;0.5160318;7
-0.1001;0.5183685;7
-0.04999971;0.5190801;7
0;0.5183032;7
0.05000019;0.5229586;7
0.0999999;0.52347;7
0.1500001;0.526784;7
0.2000003;0.5271858;7
0.25;0.5302911;7
0.3000002;0.5302854;7
0.3499999;0.5299023;7
0.4000001;0.5274432;7
0.4500003;0.5311573;7
0.5;0.5313319;7
0.5500002;0.5337139;7
0.5999999;0.5325834;7
0.6500001;0.5336402;7
0.7000003;0.5335735;7
0.75;0.5338452;7
0.8000002;0.5352014;7
0.8499999;0.5352094;7
0.9000001;0.5354542;7
0.9500003;0.5357493;7
1;0.5366046;7
1.05;0.5378687;7
1.1;0.5360723;7
1.15;0.5372744;7
1.2;0.5375122;7
1.25;0.5374786;7
1.3;0.536691;7
1.35;0.538945;7
1.4;0.5386053;7
1.45;0.5398391;7
1.5;0.5391799;7
1.55;0.5402538;7
1.6;0.5414389;7
1.65;0.5383691;7
1.7001;0.5392897;7
1.7501;0.5390626;7
1.8001;0.5417963;7
1.8501;0.5429197;7
1.9001;0.5418166;7
1.9501;0.5405632;7
2.0001;0.5422951;7
2.0501;0.5433874;7
2.1001;0.5416342;7
2.1501;0.5443406;7
2.2001;0.5429711;7
2.2501;0.5446796;7
2.3001;0.5431066;7
2.3501;0.5426041;7
2.4001;0.5430747;7
2.4501;0.5454448;7
2.5001;0.5430305;7
2.5501;0.5442443;7
2.6001;0.5439836;7
2.6501;0.5448773;7
2.7001;0.5446612;7
2.7501;0.5451769;7
2.8001;0.5450556;7
2.8501;0.5445362;7
2.9001;0.5463465;7
2.9501;0.5473101;7
3.0001;0.5451928;7
3.0501;0.5458078;7
3.1001;0.5464721;7
3.1501;0.5457318;7
3.2001;0.5488575;7
3.2501;0.5471678;7
3.3001;0.5459797;7
3.3501;0.5463111;7
3.4001;0.5455992;7
3.4501;0.5475174;7
3.5002;0.546988;7
3.5502;0.5477731;7
3.6002;0.5471653;7
3.6502;0.5503518;7
3.700201;0.5481211;7
3.7502;0.5493553;7
3.8002;0.5498753;7
3.8502;0.5492614;7
3.9002;0.5490183;7
3.950201;0.5476546;7
4.0002;0.548716;7
4.0502;0.5487593;7
4.1002;0.5499904;7
4.1502;0.5492702;7
4.200201;0.5514323;7
4.2502;0.5488662;7
4.3002;0.5497797;7
4.3502;0.5497677;7
4.4002;0.5487269;7
4.450201;0.5525791;7
4.5002;0.5501642;7
4.5502;0.5512626;7
4.6002;0.5507801;7
4.6502;0.5519773;7
4.700201;0.5515604;7
4.7502;0.5514496;7
4.8002;0.5503905;7
4.8502;0.5502747;7
4.9002;0.5513094;7
4.950201;0.549481;7
5.0002;0.5503748;7
5.0502;0.5514807;7
5.1002;0.5534617;7
5.1502;0.5531825;7
5.200201;0.5507388;7
5.2502;0.5506201;7
5.3003;0.5493727;7
5.3503;0.5530332;7
5.400301;0.5531022;7
5.4503;0.5527207;7
5.5003;0.5536948;7
5.5503;0.5529159;7
5.6003;0.553686;7
5.650301;0.5530922;7
5.7003;0.5547805;7
5.7503;0.5540876;7
5.8003;0.5541152;7
5.8503;0.5539601;7
5.900301;0.5548714;7
5.9503;0.5555376;7
6.0003;0.5562647;7
6.0503;0.5552883;7
6.1003;0.5547376;7
6.150301;0.5554561;7
6.2003;0.5526341;7
6.2503;0.5533401;7
6.3003;0.5545435;7
6.3503;0.5555666;7
6.400301;0.5543816;7
6.4503;0.5550696;7
6.5003;0.5556787;7
6.5503;0.5565545;7
6.6003;0.5546198;7
6.650301;0.5574964;7
6.7003;0.5568261;7
6.7503;0.555464;7
6.8003;0.5543264;7
6.8503;0.5540988;7
6.900301;0.555724;7
6.9503;0.5565321;7
7.0003;0.5563184;7
7.0503;0.5562575;7
7.1004;0.5566471;7
7.1504;0.5556898;7
7.2004;0.5551736;7
7.2504;0.555716;7
7.3004;0.556899;7
7.3504;0.5562704;7
7.4004;0.5564454;7
7.4504;0.5562757;7
7.5004;0.5552146;7
7.5504;0.5569815;7
7.6004;0.5587057;7
7.6504;0.5577227;7
7.7004;0.5570298;7
7.7504;0.5569075;7
7.8004;0.5579725;7
7.8504;0.5578999;7
7.9004;0.5584;7
7.9504;0.5565873;7
8.000401;0.5582944;7
8.0504;0.5564265;7
8.100401;0.5571891;7
8.1504;0.556531;7
8.200399;0.5580693;7
8.250401;0.5553519;7
8.3004;0.5588693;7
8.350401;0.557427;7
8.4004;0.5581023;7
8.450399;0.5610523;7
8.500401;0.5576752;7
8.5504;0.5584899;7
8.600401;0.5599471;7
8.6504;0.5585299;7
8.700399;0.5589216;7
8.750401;0.5602302;7
8.8004;0.5582649;7
8.850401;0.5570601;7
8.900499;0.5592227;7
8.9505;0.5583448;7
9.0005;0.5581624;7
9.050501;0.5592353;7
9.1005;0.5587995;7
9.150499;0.5589834;7
9.2005;0.5593869;7
9.2505;0.5585018;7
9.300501;0.5588645;7
9.3505;0.5600663;7
9.400499;0.5622809;7
9.4505;0.5601223;7
9.5005;0.5586868;7
9.550501;0.5590395;7
9.6005;0.559848;7
9.650499;0.5610182;7
9.7005;0.5591235;7
9.7505;0.5604038;7
9.800501;0.5605148;7
9.8505;0.5589957;7
9.900499;0.5580592;7
9.9505;0.5621772;7
10.0005;0.5600032;7
10.0005;0.5600032;7
-4.9503;0.8371875;15
-4.9003;0.8400377;15
-4.8503;0.834936;15
-4.8003;0.8360135;15
-4.7503;0.8330917;15
-4.7003;0.8330756;15
-4.6503;0.8355085;15
-4.6003;0.8335332;15
-4.5503;0.8377673;15
-4.5003;0.8320479;15
-4.4503;0.8335873;15
-4.4003;0.833026;15
-4.3503;0.835915;15
-4.3002;0.8328112;15
-4.2502;0.8368056;15
-4.2002;0.8334073;15
-4.1502;0.8340167;15
-4.1002;0.8310137;15
-4.0502;0.8329846;15
-4.0002;0.8391525;15
-3.9502;0.8332748;15
-3.9002;0.8341208;15
-3.8502;0.8346405;15
-3.8002;0.8324584;15
-3.7502;0.8362649;15
-3.7002;0.8352677;15
-3.6502;0.8358155;15
-3.6002;0.8328323;15
-3.5502;0.8339557;15
-3.5002;0.8324955;15
-3.4502;0.8332905;15
-3.4002;0.83565;15
-3.3502;0.8338895;15
-3.3002;0.8373429;15
-3.2502;0.8332352;15
-3.2002;0.8337583;15
-3.1502;0.8310147;15
-3.1002;0.8387616;15
-3.0502;0.8354436;15
-3.0002;0.8351096;15
-2.9502;0.8335776;15
-2.9002;0.8331398;15
-2.8502;0.8332028;15
-2.8002;0.8334873;15
-2.7502;0.8350252;15
-2.7002;0.8367735;15
-2.6502;0.8371102;15
-2.6002;0.833197;15
-2.5502;0.8355844;15
-2.5001;0.8334478;15
-2.4501;0.8320366;15
-2.4001;0.8344546;15
-2.3501;0.834078;15
-2.3001;0.8351891;15
-2.2501;0.8345047;15
-2.2001;0.8358652;15
-2.1501;0.8354596;15
-2.1001;0.832365;15
-2.0501;0.835084;15
-2.0001;0.8341704;15
-1.9501;0.8353485;15
-1.9001;0.8340353;15
-1.8501;0.8328617;15
-1.8001;0.8333046;15
-1.7501;0.834138;15
-1.7001;0.832949;15
-1.6501;0.8363318;15
-1.6001;0.8370069;15
-1.5501;0.8370655;15
-1.5001;0.8358307;15
-1.4501;0.8329504;15
-1.4001;0.8366953;15
-1.3501;0.8280708;15
-1.3001;0.8322247;15
-1.2501;0.8367342;15
-1.2001;0.83516;15
-1.1501;0.8316955;15
-1.1001;0.8337646;15
-1.0501;0.8335623;15
-1.0001;0.8316608;15
-0.9500999;0.8347538;15
-0.9000998;0.8361664;15
-0.8501;0.8336617;15
-0.8000998;0.8378897;15
-0.7501001;0.8357126;15
-0.6999998;0.8391728;15
-0.6500001;0.8321124;15
-0.5999999;0.8348793;15
-0.5499997;0.8362814;15
-0.5;0.834666;15
-0.4499998;0.8312184;15
-0.4000001;0.832377;15
-0.3499999;0.8347197;15
-0.2999997;0.8321114;15
-0.25;0.8321709;15
-0.1999998;0.8322045;15
-0.1500001;0.8345975;15
-0.0999999;0.8367829;15
-0.04999971;0.8334542;15
0;0.8308051;15
0.05000019;0.8422098;15
0.0999999;0.8436428;15
0.1500001;0.8459025;15
0.2000003;0.8496141;15
0.25;0.847162;15
0.3000002;0.8495017;15
0.3499999;0.8523793;15
0.4000001;0.8530201;15
0.4500003;0.8519741;15
0.5;0.8550732;15
0.5500002;0.8536562;15
0.5999999;0.8563789;15
0.6500001;0.861789;15
0.7000003;0.8571862;15
0.75;0.8588833;15
0.8000002;0.8564694;15
0.8499999;0.8578691;15
0.9000001;0.85809;15
0.9500003;0.8598627;15
1;0.8605018;15
1.05;0.8612028;15
1.1001;0.8615189;15
1.1501;0.8588052;15
1.2001;0.8594133;15
1.2501;0.8624704;15
1.3001;0.8580388;15
1.3501;0.8656883;15
1.4001;0.8624524;15
1.4501;0.8651023;15
1.5001;0.8619076;15
1.5501;0.8646621;15
1.6001;0.865036;15
1.6501;0.865764;15
1.7001;0.8700714;15
1.7501;0.8633813;15
1.8001;0.8678676;15
1.8501;0.8690947;15
1.9001;0.8678141;15
1.9501;0.8693265;15
2.0001;0.8677343;15
2.0501;0.8661295;15
2.1001;0.8675922;15
2.1501;0.8686222;15
2.2001;0.8708379;15
2.2501;0.8687207;15
2.3001;0.868759;15
2.3501;0.8721377;15
2.4001;0.8745059;15
2.4501;0.8720558;15
2.5001;0.8718485;15
2.5501;0.8702888;15
2.6001;0.8739914;15
2.6501;0.8726657;15
2.7001;0.8739554;15
2.7501;0.8721101;15
2.8001;0.8752353;15
2.8501;0.8715739;15
2.9002;0.875033;15
2.9502;0.8698716;15
3.0002;0.8776569;15
3.0502;0.8750879;15
3.1002;0.8757117;15
3.1502;0.877779;15
3.200201;0.8780011;15
3.2502;0.8769651;15
3.3002;0.8737231;15
3.3502;0.876379;15
3.4002;0.8784892;15
3.450201;0.8764372;15
3.5002;0.8795279;15
3.5502;0.8789766;15
3.6002;0.8782296;15
3.6502;0.8773267;15
3.700201;0.8826171;15
3.7502;0.8791608;15
3.8002;0.8796037;15
3.8502;0.8776842;15
3.9002;0.8835557;15
3.950201;0.8810382;15
4.0002;0.8818474;15
4.0502;0.8783417;15
4.1002;0.8806373;15
4.1502;0.8810661;15
4.200201;0.8795809;15
4.2502;0.8808542;15
4.3002;0.8849081;15
4.3502;0.8819517;15
4.4002;0.882343;15
4.450201;0.8826944;15
4.5002;0.8839985;15
4.5502;0.8848383;15
4.6002;0.8847786;15
4.6502;0.8792029;15
4.7003;0.8837934;15
4.7503;0.8838668;15
4.8003;0.8807136;15
4.8503;0.881619;15
4.900301;0.8857573;15
4.9503;0.8821699;15
5.0003;0.8845423;15
5.0503;0.8863854;15
5.1003;0.8836641;15
5.150301;0.8856882;15
5.2003;0.8832661;15
5.2503;0.8852038;15
5.3003;0.8861272;15
5.3503;0.885931;15
5.400301;0.8875207;15
5.4503;0.887027;15
5.5003;0.8895324;15
5.5503;0.8842705;15
5.6003;0.8877735;15
5.650301;0.891929;15
5.7003;0.886026;15
5.7503;0.8878101;15
5.8003;0.884742;15
5.8503;0.8911758;15
5.900301;0.888988;15
5.9503;0.8870524;15
6.0003;0.8893373;15
6.0503;0.8880139;15
6.1003;0.890353;15
6.150301;0.8855466;15
6.2003;0.8903761;15
6.2503;0.8890948;15
6.3003;0.8935366;15
6.3503;0.8884656;15
6.400301;0.8884562;15
6.4503;0.8857206;15
6.5004;0.88987;15
6.5504;0.8966416;15
6.6004;0.8937554;15
6.6504;0.8920438;15
6.7004;0.8943821;15
6.7504;0.8911657;15
6.8004;0.8935742;15
6.8504;0.8910581;15
6.9004;0.8948913;15
6.9504;0.8923548;15
7.0004;0.8913705;15
7.0504;0.8914992;15
7.1004;0.8958369;15
7.1504;0.8955529;15
7.2004;0.893461;15
7.2504;0.8973892;15
7.3004;0.8959794;15
7.3504;0.8953098;15
7.4004;0.8966574;15
7.4504;0.8960461;15
7.5004;0.8934261;15
7.5504;0.8977666;15
7.6004;0.8925433;15
7.6504;0.8940193;15
7.7004;0.8937045;15
7.7504;0.9000186;15
7.8004;0.89748;15
7.8504;0.8971732;15
7.9004;0.8949893;15
7.9504;0.8983952;15
8.000401;0.8974442;15
8.0504;0.8951815;15
8.100401;0.8979337;15
8.1504;0.8965647;15
8.200399;0.8976608;15
8.2505;0.8964729;15
8.300501;0.8975886;15
8.3505;0.8988364;15
8.400499;0.895878;15
8.4505;0.8933284;15
8.5005;0.8989365;15
8.550501;0.8977361;15
8.6005;0.8934638;15
8.650499;0.8990983;15
8.7005;0.8949935;15
8.7505;0.897001;15
8.800501;0.8941702;15
8.8505;0.9006861;15
8.900499;0.8929016;15
8.9505;0.898974;15
9.0005;0.9009908;15
9.050501;0.8993713;15
9.1005;0.898105;15
9.150499;0.8954239;15
9.2005;0.8988097;15
9.2505;0.8937798;15
9.300501;0.9010204;15
9.3505;0.9009339;15
9.400499;0.9010791;15
9.4505;0.9005007;15
9.5005;0.9025487;15
9.550501;0.8969997;15
9.6005;0.8977196;15
9.650499;0.9015846;15
9.7005;0.8973325;15
9.7505;0.8985978;15
9.800501;0.8987153;15
9.8505;0.8982633;15
9.900499;0.8959419;15
9.9505;0.8994079;15
10.0006;0.9035647;15
10.0006;0.9035647;15
-4.9503;0.5822242;23
-4.9002;0.5809624;23
-4.8502;0.5820642;23
-4.8002;0.5835072;23
-4.7502;0.5810666;23
-4.7002;0.5794249;23
-4.6502;0.5823545;23
-4.6002;0.581648;23
-4.5502;0.5837466;23
-4.5002;0.5834024;23
-4.4502;0.5826002;23
-4.4002;0.5820358;23
-4.3502;0.5816617;23
-4.3002;0.5811517;23
-4.2502;0.5812476;23
-4.2002;0.5827315;23
-4.1502;0.5852553;23
-4.1002;0.5801286;23
-4.0502;0.582703;23
-4.0002;0.5808946;23
-3.9502;0.5820957;23
-3.9002;0.5810696;23
-3.8502;0.5809721;23
-3.8002;0.5824847;23
-3.7502;0.5814439;23
-3.7002;0.5817538;23
-3.6502;0.5834908;23
-3.6002;0.5813927;23
-3.5502;0.5815207;23
-3.5002;0.583559;23
-3.4502;0.5827008;23
-3.4002;0.5822009;23
-3.3502;0.5811685;23
-3.3002;0.5843584;23
-3.2502;0.5807146;23
-3.2002;0.5823163;23
-3.1502;0.5831854;23
-3.1001;0.5835609;23
-3.0501;0.5832683;23
-3.0001;0.5809619;23
-2.9501;0.581418;23
-2.9001;0.5821201;23
-2.8501;0.5815637;23
-2.8001;0.5824889;23
-2.7501;0.5825388;23
-2.7001;0.581829;23
-2.6501;0.5803151;23
-2.6001;0.5830159;23
-2.5501;0.5814306;23
-2.5001;0.582552;23
-2.4501;0.5823981;23
-2.4001;0.5808605;23
-2.3501;0.5834975;23
-2.3001;0.5847998;23
-2.2501;0.582711;23
-2.2001;0.5815215;23
-2.1501;0.5805663;23
-2.1001;0.5818958;23
-2.0501;0.5815684;23
-2.0001;0.5824125;23
-1.9501;0.5814896;23
-1.9001;0.5821378;23
-1.8501;0.5816666;23
-1.8001;0.5837041;23
-1.7501;0.5823198;23
-1.7001;0.5812128;23
-1.6501;0.5820977;23
-1.6001;0.5831634;23
-1.5501;0.5802253;23
-1.5001;0.5825988;23
-1.4501;0.5833755;23
-1.4001;0.5811535;23
-1.3501;0.5832725;23
-1.3;0.5826744;23
-1.25;0.5819113;23
-1.2;0.5814014;23
-1.15;0.5817232;23
-1.1;0.5832365;23
-1.05;0.580655;23
-1;0.5798867;23
-0.9499998;0.5821736;23
-0.9000001;0.5804973;23
-0.8499999;0.5821111;23
-0.7999997;0.5831592;23
-0.75;0.5818688;23
-0.6999998;0.5848926;23
-0.6500001;0.5826264;23
-0.5999999;0.5835703;23
-0.5499997;0.5823618;23
-0.5;0.5824733;23
-0.4499998;0.5817662;23
-0.4000001;0.5816513;23
-0.3499999;0.5826806;23
-0.2999997;0.5843037;23
-0.25;0.5845236;23
-0.1999998;0.5804388;23
-0.1500001;0.5838133;23
-0.0999999;0.5840344;23
-0.04999971;0.5812894;23
0;0.5800143;23
0.05000019;0.5861507;23
0.0999999;0.5912517;23
0.1500001;0.5953735;23
0.2000003;0.5951561;23
0.25;0.5985816;23
0.3000002;0.6019534;23
0.3499999;0.5997841;23
0.4000001;0.6038797;23
0.4500003;0.6010912;23
0.5001001;0.6038183;23
0.5500998;0.6047193;23
0.6001;0.6047711;23
0.6501002;0.6061729;23
0.7000999;0.6078058;23
0.7501001;0.6082777;23
0.8000998;0.6076812;23
0.8501;0.6074473;23
0.9001002;0.6101959;23
0.9500999;0.6120568;23
1.0001;0.6102723;23
1.0501;0.6113455;23
1.1001;0.6102813;23
1.1501;0.6128033;23
1.2001;0.6132565;23
1.2501;0.6144953;23
1.3001;0.6146759;23
1.3501;0.6145027;23
1.4001;0.6124009;23
1.4501;0.6144066;23
1.5001;0.6128427;23
1.5501;0.6160657;23
1.6001;0.6171773;23
1.6501;0.6178759;23
1.7001;0.6172575;23
1.7501;0.6153318;23
1.8001;0.6174683;23
1.8501;0.6199381;23
1.9001;0.619468;23
1.9501;0.6167585;23
2.0001;0.619721;23
2.0501;0.6205923;23
2.1001;0.6190375;23
2.1501;0.6202827;23
2.2001;0.6210469;23
2.2501;0.619665;23
2.3002;0.623237;23
2.3502;0.6230347;23
2.4002;0.6209128;23
2.4502;0.6232233;23
2.5002;0.6239195;23
2.5502;0.6226831;23
2.6002;0.6211545;23
2.6502;0.6215941;23
2.7002;0.6240609;23
2.7502;0.6239381;23
2.8002;0.6243511;23
2.8502;0.6245299;23
2.9002;0.6237146;23
2.9502;0.6243094;23
3.0002;0.6266246;23
3.0502;0.6238658;23
3.1002;0.6272153;23
3.1502;0.6255405;23
3.200201;0.627403;23
3.2502;0.6270805;23
3.3002;0.6277583;23
3.3502;0.6274635;23
3.4002;0.627239;23
3.450201;0.6264966;23
3.5002;0.6272426;23
3.5502;0.6300922;23
3.6002;0.6269389;23
3.6502;0.6255369;23
3.700201;0.6299018;23
3.7502;0.6261563;23
3.8002;0.6312801;23
3.8502;0.6297175;23
3.9002;0.6330381;23
3.950201;0.6296989;23
4.0002;0.6300007;23
4.0502;0.6313288;23
4.1003;0.629813;23
4.150301;0.6318451;23
4.2003;0.6317148;23
4.2503;0.6339253;23
4.3003;0.6316497;23
4.3503;0.6332275;23
4.400301;0.6330012;23
4.4503;0.6318144;23
4.5003;0.6326414;23
4.5503;0.631842;23
4.6003;0.6323665;23
4.650301;0.6329637;23
4.7003;0.6343244;23
4.7503;0.6349228;23
4.8003;0.6336025;23
4.8503;0.6324279;23
4.900301;0.6356649;23
4.9503;0.633307;23
5.0003;0.63501;23
5.0503;0.6349921;23
5.1003;0.6345679;23
5.150301;0.6349226;23
5.2003;0.6358463;23
5.2503;0.636761;23
5.3003;0.6380892;23
5.3503;0.6364264;23
5.400301;0.6368741;23
5.4503;0.6362111;23
5.5003;0.6384692;23
5.5503;0.6368719;23
5.6003;0.6352564;23
5.650301;0.6384547;23
5.7003;0.6355636;23
5.7503;0.6371351;23
5.8003;0.6384507;23
5.8503;0.6424024;23
5.9004;0.6391186;23
5.9504;0.6365328;23
6.0004;0.638071;23
6.0504;0.6388159;23
6.1004;0.6387575;23
6.1504;0.6377857;23
6.2004;0.6383935;23
6.2504;0.6387832;23
6.3004;0.6391607;23
6.3504;0.6394553;23
6.4004;0.6401504;23
6.4504;0.6403412;23
6.5004;0.6401076;23
6.5504;0.636464;23
6.6004;0.6395599;23
6.6504;0.6409758;23
6.7004;0.639394;23
6.7504;0.64141;23
6.8004;0.6421633;23
6.8504;0.6381077;23
6.9004;0.6398586;23
6.9504;0.6404765;23
7.0004;0.6416768;23
7.0504;0.6413263;23
7.1004;0.6415304;23
7.1504;0.641061;23
7.2004;0.6412769;23
7.2504;0.6429549;23
7.3004;0.6400474;23
7.3504;0.6423736;23
7.4004;0.6429459;23
7.4504;0.6427541;23
7.5004;0.6429234;23
7.5504;0.6443918;23
7.6004;0.6435051;23
7.6504;0.6425921;23
7.7005;0.643809;23
7.7505;0.6448115;23
7.8005;0.6443278;23
7.8505;0.6438751;23
7.9005;0.6457936;23
7.9505;0.6422867;23
8.0005;0.642581;23
8.050501;0.646265;23
8.1005;0.6438545;23
8.150499;0.6443274;23
8.2005;0.6448767;23
8.2505;0.6463008;23
8.300501;0.6445693;23
8.3505;0.6440392;23
8.400499;0.6456358;23
8.4505;0.6456904;23
8.5005;0.6465131;23
8.550501;0.6430027;23
8.6005;0.6456162;23
8.650499;0.6458279;23
8.7005;0.6460003;23
8.7505;0.646001;23
8.800501;0.6454671;23
8.8505;0.6467218;23
8.900499;0.6422876;23
8.9505;0.6471141;23
9.0005;0.6429903;23
9.050501;0.645945;23
9.1005;0.6468177;23
9.150499;0.6457056;23
9.2005;0.6480553;23
9.2505;0.6481673;23
9.300501;0.6462898;23
9.3505;0.6475742;23
9.400499;0.6462177;23
9.4505;0.6463077;23
9.500601;0.6470263;23
9.5506;0.6456805;23
9.600599;0.6462065;23
9.6506;0.6467376;23
9.7006;0.6459451;23
9.750601;0.6473501;23
9.8006;0.648439;23
9.850599;0.6478315;23
9.9006;0.6477708;23
9.9506;0.6479352;23
10.0006;0.6459416;23
10.0006;0.6459416;23
-4.9502;0.536395;8
-4.9002;0.536638;8
-4.8502;0.5354022;8
-4.8002;0.5373616;8
-4.7502;0.5370673;8
-4.7002;0.5379761;8
-4.6502;0.5374787;8
-4.6002;0.536375;8
-4.5502;0.535049;8
-4.5002;0.5370478;8
-4.4502;0.5371893;8
-4.4002;0.5378595;8
-4.3502;0.5369497;8
-4.3002;0.5360466;8
-4.2502;0.5375422;8
-4.2002;0.5367596;8
-4.1502;0.5366609;8
-4.1002;0.5367038;8
-4.0502;0.5347338;8
-4.0002;0.5371677;8
-3.9502;0.537682;8
-3.9002;0.5367522;8
-3.8502;0.5394574;8
-3.8002;0.5375032;8
-3.7502;0.5360136;8
-3.7002;0.5385259;8
-3.6502;0.5387994;8
-3.6002;0.5386985;8
-3.5502;0.5383718;8
-3.5002;0.5363429;8
-3.4502;0.5388683;8
-3.4002;0.5359141;8
-3.3502;0.5367492;8
-3.3002;0.5368536;8
-3.2502;0.5390288;8
-3.2001;0.5375503;8
-3.1501;0.5378727;8
-3.1001;0.5389238;8
-3.0501;0.5371697;8
-3.0001;0.538285;8
-2.9501;0.5366375;8
-2.9001;0.5374564;8
-2.8501;0.5380856;8
-2.8001;0.5387942;8
-2.7501;0.5366414;8
-2.7001;0.5366584;8
-2.6501;0.5379527;8
-2.6001;0.5378758;8
-2.5501;0.536058;8
-2.5001;0.5353381;8
-2.4501;0.5386831;8
-2.4001;0.537317;8
-2.3501;0.5362207;8
-2.3001;0.5356852;8
-2.2501;0.5383481;8
-2.2001;0.5391643;8
-2.1501;0.5368609;8
-2.1001;0.5369762;8
-2.0501;0.5379893;8
-2.0001;0.5364426;8
-1.9501;0.5374345;8
-1.9001;0.5377139;8
-1.8501;0.5359082;8
-1.8001;0.5385654;8
-1.7501;0.5386878;8
-1.7001;0.5391876;8
-1.6501;0.5370388;8
-1.6001;0.5392209;8
-1.5501;0.5365872;8
-1.5001;0.5366647;8
-1.4501;0.5380526;8
-1.4;0.5370495;8
-1.35;0.536952;8
-1.3;0.5358897;8
-1.25;0.5363827;8
-1.2;0.536483;8
-1.15;0.5377604;8
-1.1;0.5359471;8
-1.05;0.5364266;8
-1;0.5383096;8
-0.9499998;0.5360758;8
-0.9000001;0.538417;8
-0.8499999;0.5350316;8
-0.7999997;0.5382836;8
-0.75;0.5369341;8
-0.6999998;0.5355117;8
-0.6500001;0.5383082;8
-0.5999999;0.5373754;8
-0.5499997;0.5378127;8
-0.5;0.5376827;8
-0.4499998;0.536908;8
-0.4000001;0.5385504;8
-0.3499999;0.5368363;8
-0.2999997;0.5360803;8
-0.25;0.5378618;8
-0.1999998;0.5377126;8
-0.1500001;0.536897;8
-0.0999999;0.5363407;8
-0.04999971;0.5387515;8
0;0.5387526;8
0.05000019;0.5408622;8
0.0999999;0.5460768;8
0.1500001;0.5454192;8
0.2000003;0.5474435;8
0.25;0.5473372;8
0.3000002;0.5506627;8
0.3499999;0.5491704;8
0.4001002;0.5466392;8
0.4500999;0.5499681;8
0.5001001;0.552001;8
0.5500998;0.55178;8
0.6001;0.5514044;8
0.6501002;0.5516095;8
0.7000999;0.5523772;8
0.7501001;0.5529889;8
0.8000998;0.5545028;8
0.8501;0.5544335;8
0.9001002;0.5522437;8
0.9500999;0.5549107;8
1.0001;0.5572155;8
1.0501;0.5539394;8
1.1001;0.5553368;8
1.1501;0.5556011;8
1.2001;0.5552991;8
1.2501;0.554372;8
1.3001;0.5597972;8
1.3501;0.557548;8
1.4001;0.5577223;8
1.4501;0.5579948;8
1.5001;0.5611147;8
1.5501;0.5596016;8
1.6001;0.5561982;8
1.6501;0.5598364;8
1.7001;0.5571419;8
1.7501;0.561678;8
1.8001;0.5603421;8
1.8501;0.560254;8
1.9001;0.5570383;8
1.9501;0.5598971;8
2.0001;0.560986;8
2.0501;0.5608514;8
2.1001;0.5590903;8
2.1501;0.5607582;8
2.2002;0.5585029;8
2.2502;0.5595458;8
2.3002;0.5604119;8
2.3502;0.5627985;8
2.4002;0.5625567;8
2.4502;0.5635319;8
2.5002;0.5642095;8
2.5502;0.5648676;8
2.6002;0.5614744;8
2.6502;0.5622875;8
2.7002;0.5626147;8
2.7502;0.561195;8
2.8002;0.5635424;8
2.8502;0.5646477;8
2.9002;0.5657891;8
2.9502;0.5637662;8
3.0002;0.5639254;8
3.0502;0.5651835;8
3.1002;0.5651412;8
3.1502;0.566761;8
3.200201;0.5663257;8
3.2502;0.5671096;8
3.3002;0.5651819;8
3.3502;0.5659774;8
3.4002;0.5650079;8
3.450201;0.5648777;8
3.5002;0.5663352;8
3.5502;0.5648967;8
3.6002;0.5666356;8
3.6502;0.5673697;8
3.700201;0.568739;8
3.7502;0.5684086;8
3.8002;0.5680645;8
3.8502;0.5669185;8
3.9002;0.5680924;8
3.9503;0.5691808;8
4.0003;0.5674248;8
4.0503;0.5678169;8
4.1003;0.5661432;8
4.150301;0.5700179;8
4.2003;0.5687715;8
4.2503;0.5693546;8
4.3003;0.5689383;8
4.3503;0.5702863;8
4.400301;0.5696878;8
4.4503;0.570398;8
4.5003;0.5682663;8
4.5503;0.569789;8
4.6003;0.5713503;8
4.650301;0.5699143;8
4.7003;0.5731176;8
4.7503;0.5733709;8
4.8003;0.5726467;8
4.8503;0.5697746;8
4.900301;0.5709581;8
4.9503;0.5724742;8
5.0003;0.5734473;8
5.0503;0.5730669;8
5.1003;0.5730502;8
5.150301;0.570182;8
5.2003;0.5694177;8
5.2503;0.5708864;8
5.3003;0.5701883;8
5.3503;0.5704595;8
5.400301;0.5713153;8
5.4503;0.5731931;8
5.5003;0.5695105;8
5.5503;0.5749294;8
5.6003;0.5738494;8
5.650301;0.5724394;8
5.7003;0.5754704;8
5.7504;0.5738347;8
5.8004;0.5718194;8
5.8504;0.5746968;8
5.9004;0.5748953;8
5.9504;0.5765719;8
6.0004;0.5744445;8
6.0504;0.5750836;8
6.1004;0.5729659;8
6.1504;0.5765477;8
6.2004;0.5729066;8
6.2504;0.5756937;8
6.3004;0.5733289;8
6.3504;0.5764709;8
6.4004;0.573332;8
6.4504;0.576441;8
6.5004;0.5752558;8
6.5504;0.5750417;8
6.6004;0.5753392;8
6.6504;0.5772376;8
6.7004;0.5760735;8
6.7504;0.5751156;8
6.8004;0.5747427;8
6.8504;0.5766963;8
6.9004;0.5767262;8
6.9504;0.5787917;8
7.0004;0.5768127;8
7.0504;0.5803791;8
7.1004;0.5780569;8
7.1504;0.5786357;8
7.2004;0.5766984;8
7.2504;0.5762699;8
7.3004;0.5796425;8
7.3504;0.5772215;8
7.4004;0.5786137;8
7.4504;0.5781289;8
7.5004;0.5814664;8
7.5505;0.5775875;8
7.6005;0.580705;8
7.6505;0.5787157;8
7.7005;0.5787648;8
7.7505;0.5771971;8
7.8005;0.5782285;8
7.8505;0.5789072;8
7.9005;0.5834334;8
7.9505;0.5762684;8
8.0005;0.5810819;8
8.050501;0.5816434;8
8.1005;0.5788147;8
8.150499;0.5788882;8
8.2005;0.577921;8
8.2505;0.5812267;8
8.300501;0.5781361;8
8.3505;0.580507;8
8.400499;0.5824275;8
8.4505;0.5809132;8
8.5005;0.5800169;8
8.550501;0.5819077;8
8.6005;0.5807064;8
8.650499;0.5845309;8
8.7005;0.5811465;8
8.7505;0.5813671;8
8.800501;0.5805365;8
8.8505;0.58164;8
8.900499;0.582978;8
8.9505;0.5788892;8
9.0005;0.5799809;8
9.050501;0.5833471;8
9.1005;0.5801325;8
9.150499;0.5797045;8
9.2005;0.5817889;8
9.2505;0.5819225;8
9.300501;0.5811859;8
9.350599;0.5832978;8
9.4006;0.5823334;8
9.4506;0.5821798;8
9.500601;0.5831542;8
9.5506;0.5829909;8
9.600599;0.583225;8
9.6506;0.5846584;8
9.7006;0.583899;8
9.750601;0.5837488;8
9.8006;0.5848302;8
9.850599;0.5823585;8
9.9006;0.5839282;8
9.9506;0.5823164;8
10.0006;0.5843111;8
10.0006;0.5843111;8
-4.9503;0.8474827;16
-4.9003;0.8421682;16
-4.8503;0.8479078;16
-4.8003;0.8476977;16
-4.7503;0.847747;16
-4.7003;0.8476773;16
-4.6503;0.8469745;16
-4.6003;0.8479875;16
-4.5503;0.8495772;16
-4.5003;0.8456777;16
-4.4503;0.8484371;16
-4.4003;0.8450943;16
-4.3503;0.8441041;16
-4.3003;0.8456482;16
-4.2503;0.8479985;16
-4.2003;0.8479397;16
-4.1503;0.8469283;16
-4.1003;0.847172;16
-4.0503;0.8470584;16
-4.0003;0.846238;16
-3.9503;0.8472618;16
-3.9003;0.8486682;16
-3.8503;0.847733;16
-3.8003;0.8471896;16
-3.7502;0.8426472;16
-3.7002;0.8460473;16
-3.6502;0.8475781;16
-3.6002;0.8479505;16
-3.5502;0.845613;16
-3.5002;0.8455204;16
-3.4502;0.8493207;16
-3.4002;0.846113;16
-3.3502;0.8486537;16
-3.3002;0.8483348;16
-3.2502;0.8489658;16
-3.2002;0.84629;16
-3.1502;0.8473388;16
-3.1002;0.8467705;16
-3.0502;0.8467926;16
-3.0002;0.8452122;16
-2.9502;0.8469595;16
-2.9002;0.8494182;16
-2.8502;0.8455973;16
-2.8002;0.8447075;16
-2.7502;0.8460256;16
-2.7002;0.8483746;16
-2.6502;0.8486956;16
-2.6002;0.8483809;16
-2.5502;0.8470062;16
-2.5002;0.8457613;16
-2.4502;0.848879;16
-2.4002;0.8457781;16
-2.3502;0.8456866;16
-2.3002;0.8468727;16
-2.2502;0.8480098;16
-2.2002;0.8470817;16
-2.1502;0.8501624;16
-2.1002;0.8470739;16
-2.0502;0.8467643;16
-2.0002;0.8475356;16
-1.9501;0.8477942;16
-1.9001;0.8471609;16
-1.8501;0.8453969;16
-1.8001;0.8488467;16
-1.7501;0.848049;16
-1.7001;0.8485993;16
-1.6501;0.844817;16
-1.6001;0.847673;16
-1.5501;0.8484392;16
-1.5001;0.8484492;16
-1.4501;0.8481618;16
-1.4001;0.8459988;16
-1.3501;0.8504158;16
-1.3001;0.8463722;16
-1.2501;0.8498387;16
-1.2001;0.846449;16
-1.1501;0.8499521;16
-1.1001;0.848253;16
-1.0501;0.8471183;16
-1.0001;0.8473374;16
-0.9500999;0.8457349;16
-0.9000998;0.8474585;16
-0.8501;0.8479273;16
-0.8000998;0.8471134;16
-0.7501001;0.8481745;16
-0.7000999;0.8462234;16
-0.6500998;0.8448102;16
-0.6001;0.8462261;16
-0.5500998;0.8484008;16
-0.5001001;0.8494473;16
-0.4500999;0.8492663;16
-0.4000998;0.8484589;16
-0.3501;0.847948;16
-0.3000998;0.845196;16
-0.2501001;0.8494047;16
-0.2000999;0.845745;16
-0.1500001;0.8451598;16
-0.0999999;0.8487063;16
-0.04999971;0.8470444;16
0;0.8480561;16
0.05000019;0.8528498;16
0.0999999;0.8568388;16
0.1500001;0.8575729;16
0.2000003;0.8596298;16
0.25;0.8644482;16
0.3000002;0.8613468;16
0.3499999;0.8615867;16
0.4000001;0.8637675;16
0.4500003;0.8665836;16
0.5;0.8643762;16
0.5500002;0.8729612;16
0.5999999;0.8656629;16
0.6500001;0.8703107;16
0.7000003;0.8719974;16
0.75;0.868993;16
0.8000002;0.8730155;16
0.8499999;0.8708239;16
0.9000001;0.8718407;16
0.9500003;0.8776387;16
1;0.873536;16
1.05;0.8774868;16
1.1;0.8738769;16
1.15;0.8761647;16
1.2;0.8768679;16
1.25;0.8771519;16
1.3;0.8766633;16
1.35;0.8768739;16
1.4;0.8760134;16
1.45;0.879554;16
1.5;0.8793056;16
1.55;0.8793175;16
1.6;0.8781301;16
1.6501;0.8796926;16
1.7001;0.8780617;16
1.7501;0.8767604;16
1.8001;0.8804011;16
1.8501;0.8807157;16
1.9001;0.8781203;16
1.9501;0.8806552;16
2.0001;0.8822485;16
2.0501;0.8815456;16
2.1001;0.8779138;16
2.1501;0.8860401;16
2.2001;0.881986;16
2.2501;0.8826686;16
2.3001;0.881156;16
2.3501;0.8867037;16
2.4001;0.8865721;16
2.4501;0.8863623;16
2.5001;0.8864226;16
2.5501;0.8868521;16
2.6001;0.8859118;16
2.6501;0.8846355;16
2.7001;0.8862762;16
2.7501;0.8839579;16
2.8001;0.8890572;16
2.8501;0.8891984;16
2.9001;0.8875026;16
2.9501;0.8864071;16
3.0001;0.8874572;16
3.0501;0.8876508;16
3.1001;0.8881757;16
3.1501;0.8890321;16
3.2001;0.8880127;16
3.2501;0.8900005;16
3.3001;0.8908793;16
3.3501;0.8922808;16
3.4001;0.8880612;16
3.450201;0.8907888;16
3.5002;0.8907244;16
3.5502;0.8926508;16
3.6002;0.8916711;16
3.6502;0.8933011;16
3.700201;0.895914;16
3.7502;0.8915817;16
3.8002;0.8926884;16
3.8502;0.8956276;16
3.9002;0.8934734;16
3.950201;0.8953154;16
4.0002;0.892832;16
4.0502;0.89119;16
4.1002;0.8926584;16
4.1502;0.8928341;16
4.200201;0.8970958;16
4.2502;0.8970835;16
4.3002;0.8936411;16
4.3502;0.8925831;16
4.4002;0.8975502;16
4.450201;0.8963857;16
4.5002;0.8948593;16
4.5502;0.8963859;16
4.6002;0.8946403;16
4.6502;0.8951138;16
4.700201;0.8970458;16
4.7502;0.8973453;16
4.8002;0.8969007;16
4.8502;0.8980609;16
4.9002;0.9008831;16
4.950201;0.894049;16
5.0002;0.8978633;16
5.0502;0.9027879;16
5.1002;0.8954358;16
5.1502;0.8979751;16
5.200201;0.899389;16
5.2503;0.8975405;16
5.3003;0.8993822;16
5.3503;0.9023579;16
5.400301;0.89569;16
5.4503;0.9012856;16
5.5003;0.8988978;16
5.5503;0.8992251;16
5.6003;0.9024485;16
5.650301;0.9012537;16
5.7003;0.9012063;16
5.7503;0.9039521;16
5.8003;0.9020799;16
5.8503;0.9023645;16
5.900301;0.8997024;16
5.9503;0.9023252;16
6.0003;0.9005872;16
6.0503;0.9013833;16
6.1003;0.9039385;16
6.150301;0.8995132;16
6.2003;0.9032903;16
6.2503;0.9055527;16
6.3003;0.9025256;16
6.3503;0.9031882;16
6.400301;0.9038673;16
6.4503;0.9024233;16
6.5003;0.9052661;16
6.5503;0.9026509;16
6.6003;0.9035933;16
6.650301;0.9059237;16
6.7003;0.9065397;16
6.7503;0.9065038;16
6.8003;0.9048331;16
6.8503;0.910191;16
6.900301;0.9044331;16
6.9503;0.9086872;16
7.0003;0.9029177;16
7.0504;0.9081491;16
7.1004;0.902197;16
7.1504;0.911332;16
7.2004;0.9053232;16
7.2504;0.9071591;16
7.3004;0.906976;16
7.3504;0.9068931;16
7.4004;0.9073159;16
7.4504;0.9060822;16
7.5004;0.9061217;16
7.5504;0.907659;16
7.6004;0.9116188;16
7.6504;0.9077535;16
7.7004;0.9037869;16
7.7504;0.9072101;16
7.8004;0.9064316;16
7.8504;0.9131637;16
7.9004;0.9056411;16
7.9504;0.9117804;16
8.000401;0.9089255;16
8.0504;0.9108354;16
8.100401;0.90698;16
8.1504;0.9114868;16
8.200399;0.9116966;16
8.250401;0.9086983;16
8.3004;0.9101233;16
8.350401;0.9127112;16
8.4004;0.9072384;16
8.450399;0.9076828;16
8.500401;0.9073199;16
8.5504;0.9127589;16
8.600401;0.9116152;16
8.6504;0.9128957;16
8.700399;0.9073555;16
8.750401;0.907755;16
8.800501;0.9077334;16
8.8505;0.9111593;16
8.900499;0.9090304;16
8.9505;0.9075941;16
9.0005;0.9101586;16
9.050501;0.9148207;16
9.1005;0.9138921;16
9.150499;0.9139805;16
9.2005;0.9138291;16
9.2505;0.9121716;16
9.300501;0.9084103;16
9.3505;0.9136451;16
9.400499;0.9131304;16
9.4505;0.9118226;16
9.5005;0.9136401;16
9.550501;0.9132359;16
9.6005;0.9165167;16
9.650499;0.9113376;16
9.7005;0.9128246;16
9.7505;0.914388;16
9.800501;0.9129788;16
9.8505;0.9120549;16
9.900499;0.9127188;16
9.9505;0.9139326;16
10.0005;0.9144428;16
10.0005;0.9144428;16
-4.9503;0.6134521;24
-4.9003;0.613721;24
-4.8503;0.6146902;24
-4.8003;0.6130328;24
-4.7503;0.6122343;24
-4.7003;0.6143962;24
-4.6503;0.6116894;24
-4.6003;0.6128289;24
-4.5503;0.6135601;24
-4.5003;0.6138664;24
-4.4503;0.6121209;24
-4.4003;0.6131088;24
-4.3503;0.6128511;24
-4.3002;0.6115484;24
-4.2502;0.6113772;24
-4.2002;0.6136385;24
-4.1502;0.6152299;24
-4.1002;0.6100238;24
-4.0502;0.6137252;24
-4.0002;0.6118075;24
-3.9502;0.6135068;24
-3.9002;0.6138657;24
-3.8502;0.6112251;24
-3.8002;0.610732;24
-3.7502;0.6122648;24
-3.7002;0.6139407;24
-3.6502;0.6150645;24
-3.6002;0.6155486;24
-3.5502;0.6100199;24
-3.5002;0.6122823;24
-3.4502;0.6119331;24
-3.4002;0.6121753;24
-3.3502;0.6128342;24
-3.3002;0.6138027;24
-3.2502;0.6135878;24
-3.2002;0.6129416;24
-3.1502;0.6121719;24
-3.1002;0.6111737;24
-3.0502;0.6140401;24
-3.0002;0.6124544;24
-2.9502;0.6140004;24
-2.9002;0.6142768;24
-2.8502;0.6142116;24
-2.8002;0.613497;24
-2.7502;0.6126963;24
-2.7002;0.6114196;24
-2.6502;0.6125651;24
-2.6002;0.6138504;24
-2.5502;0.6122257;24
-2.5001;0.6132823;24
-2.4501;0.6115188;24
-2.4001;0.6112909;24
-2.3501;0.613623;24
-2.3001;0.6139097;24
-2.2501;0.6107503;24
-2.2001;0.6132331;24
-2.1501;0.6133705;24
-2.1001;0.6118966;24
-2.0501;0.6114786;24
-2.0001;0.612;24
-1.9501;0.6108434;24
-1.9001;0.61362;24
-1.8501;0.6134735;24
-1.8001;0.6123303;24
-1.7501;0.6124459;24
-1.7001;0.6138682;24
-1.6501;0.6147098;24
-1.6001;0.6130738;24
-1.5501;0.6093619;24
-1.5001;0.6124606;24
-1.4501;0.6146376;24
-1.4001;0.6145064;24
-1.3501;0.6118596;24
-1.3001;0.6135727;24
-1.2501;0.6150283;24
-1.2001;0.6112447;24
-1.1501;0.6134033;24
-1.1001;0.6121038;24
-1.0501;0.6127384;24
-1.0001;0.61465;24
-0.9500999;0.6123949;24
-0.9000998;0.6128836;24
-0.8501;0.6129345;24
-0.8000998;0.6113454;24
-0.7501001;0.613304;24
-0.6999998;0.614523;24
-0.6500001;0.6133113;24
-0.5999999;0.6125146;24
-0.5499997;0.6133783;24
-0.5;0.6101423;24
-0.4499998;0.6107424;24
-0.4000001;0.6125103;24
-0.3499999;0.6105141;24
-0.2999997;0.6143858;24
-0.25;0.6149346;24
-0.1999998;0.6136764;24
-0.1500001;0.6099018;24
-0.0999999;0.6132113;24
-0.04999971;0.6110193;24
0;0.6122151;24
0.05000019;0.6162947;24
0.0999999;0.6227816;24
0.1500001;0.6254818;24
0.2000003;0.6290433;24
0.25;0.6302128;24
0.3000002;0.6292043;24
0.3499999;0.6310865;24
0.4000001;0.6321728;24
0.4500003;0.6333348;24
0.5;0.6344059;24
0.5500002;0.6321839;24
0.5999999;0.6369228;24
0.6500001;0.6359088;24
0.7000003;0.6349561;24
0.75;0.6365479;24
0.8000002;0.6361688;24
0.8499999;0.6357235;24
0.9000001;0.6382946;24
0.9500003;0.6393284;24
1;0.6382936;24
1.05;0.6423481;24
1.1001;0.6422582;24
1.1501;0.6389261;24
1.2001;0.6406636;24
1.2501;0.6396181;24
1.3001;0.6435718;24
1.3501;0.6438344;24
1.4001;0.6441087;24
1.4501;0.6434309;24
1.5001;0.6479433;24
1.5501;0.6439053;24
1.6001;0.6452682;24
1.6501;0.6468024;24
1.7001;0.6453158;24
1.7501;0.6463411;24
1.8001;0.6472945;24
1.8501;0.6488746;24
1.9001;0.650016;24
1.9501;0.6490834;24
2.0001;0.6478707;24
2.0501;0.6494617;24
2.1001;0.6482565;24
2.1501;0.6470819;24
2.2001;0.6501525;24
2.2501;0.6515524;24
2.3001;0.6472251;24
2.3501;0.6501891;24
2.4001;0.6516061;24
2.4501;0.6525413;24
2.5001;0.6500332;24
2.5501;0.6524596;24
2.6001;0.6520653;24
2.6501;0.6549369;24
2.7001;0.6535521;24
2.7501;0.6516457;24
2.8001;0.6548209;24
2.8501;0.653303;24
2.9002;0.6564764;24
2.9502;0.6538309;24
3.0002;0.6551338;24
3.0502;0.6540601;24
3.1002;0.6529312;24
3.1502;0.6552317;24
3.200201;0.6541679;24
3.2502;0.6568733;24
3.3002;0.6541801;24
3.3502;0.6564168;24
3.4002;0.6577132;24
3.450201;0.6602935;24
3.5002;0.6574526;24
3.5502;0.6573802;24
3.6002;0.6555973;24
3.6502;0.6596681;24
3.700201;0.658587;24
3.7502;0.6598449;24
3.8002;0.6607409;24
3.8502;0.6600251;24
3.9002;0.6585079;24
3.950201;0.6581404;24
4.0002;0.6612246;24
4.0502;0.6614301;24
4.1002;0.6587114;24
4.1502;0.6581589;24
4.200201;0.660615;24
4.2502;0.6599828;24
4.3002;0.6609251;24
4.3502;0.6639518;24
4.4002;0.659671;24
4.450201;0.6611715;24
4.5002;0.6602628;24
4.5502;0.6622971;24
4.6002;0.6635629;24
4.6502;0.6638404;24
4.7003;0.6619042;24
4.7503;0.6643498;24
4.8003;0.6643754;24
4.8503;0.6614642;24
4.900301;0.6652863;24
4.9503;0.6634288;24
5.0003;0.6647124;24
5.0503;0.6629461;24
5.1003;0.6647061;24
5.150301;0.6678103;24
5.2003;0.6650662;24
5.2503;0.6671192;24
5.3003;0.6648415;24
5.3503;0.6677726;24
5.400301;0.6643015;24
5.4503;0.66745;24
5.5003;0.6632045;24
5.5503;0.6652892;24
5.6003;0.6664024;24
5.650301;0.6651885;24
5.7003;0.6689888;24
5.7503;0.6677957;24
5.8003;0.6653687;24
5.8503;0.6658552;24
5.900301;0.6665692;24
5.9503;0.666271;24
6.0003;0.6678233;24
6.0503;0.6671527;24
6.1003;0.6684982;24
6.150301;0.6683078;24
6.2003;0.6672396;24
6.2503;0.6687817;24
6.3003;0.6664388;24
6.3503;0.6679946;24
6.400301;0.6682834;24
6.4503;0.6685319;24
6.5004;0.6693382;24
6.5504;0.6716907;24
6.6004;0.6678848;24
6.6504;0.6720412;24
6.7004;0.6688913;24
6.7504;0.669602;24
6.8004;0.6711838;24
6.8504;0.6680612;24
6.9004;0.6721017;24
6.9504;0.6689652;24
7.0004;0.6698481;24
7.0504;0.6706662;24
7.1004;0.6728294;24
7.1504;0.6718366;24
7.2004;0.6696782;24
7.2504;0.6722907;24
7.3004;0.6692883;24
7.3504;0.6724032;24
7.4004;0.6721664;24
7.4504;0.6691931;24
7.5004;0.6712434;24
7.5504;0.6724113;24
7.6004;0.6741096;24
7.6504;0.6729097;24
7.7004;0.6731686;24
7.7504;0.6699111;24
7.8004;0.6731511;24
7.8504;0.6726495;24
7.9004;0.6718352;24
7.9504;0.6720861;24
8.000401;0.6707015;24
8.0504;0.6730766;24
8.100401;0.6758072;24
8.1504;0.6723864;24
8.200399;0.6746365;24
8.250401;0.6748383;24
8.300501;0.6733369;24
8.3505;0.6738223;24
8.400499;0.6731673;24
8.4505;0.6766911;24
8.5005;0.6747317;24
8.550501;0.6732333;24
8.6005;0.6746344;24
8.650499;0.6737457;24
8.7005;0.6736302;24
8.7505;0.6747923;24
8.800501;0.6720509;24
8.8505;0.6770879;24
8.900499;0.6755965;24
8.9505;0.672348;24
9.0005;0.6747441;24
9.050501;0.6774731;24
9.1005;0.6763071;24
9.150499;0.6788443;24
9.2005;0.6745511;24
9.2505;0.6767352;24
9.300501;0.6761159;24
9.3505;0.6759352;24
9.400499;0.6770629;24
9.4505;0.6763029;24
9.5005;0.6713372;24
9.550501;0.6755556;24
9.6005;0.6738048;24
9.650499;0.6759893;24
9.7005;0.6756174;24
9.7505;0.6750336;24
9.800501;0.6764818;24
9.8505;0.6758156;24
9.900499;0.6756313;24
9.9505;0.676227;24
10.0006;0.6782537;24
10.0006;0.6782537;24
